,club,won,lost,fighter_count,female_count,male_count,whitebelt_count,blackbelt_count,gold_count,silver_count,bronze_count,match_count,medal_count,win_pct,gold_pct,female_pct,whitebelt_pct,blackbelt_pct
0,CheckMat,321,262,293,74,219,32,66,36,36,41,583,113,55.06003430531732,12.286689419795222,25.255972696245735,10.921501706484642,22.525597269624573
1,Gracie Barra,219,260,281,63,218,48,64,21,29,38,479,88,45.72025052192067,7.473309608540926,22.419928825622776,17.081850533807827,22.775800711743774
2,GF Team,195,172,196,33,163,27,46,25,11,24,367,60,53.13351498637602,12.755102040816327,16.836734693877553,13.775510204081632,23.46938775510204
3,ZR Team Association,169,168,181,41,140,39,29,12,17,30,337,59,50.14836795252226,6.629834254143646,22.65193370165746,21.54696132596685,16.022099447513813
4,Carlson Gracie Team,149,124,143,42,101,11,39,20,21,17,273,58,54.57875457875458,13.986013986013987,29.37062937062937,7.6923076923076925,27.272727272727273
5,Alliance ,145,119,133,25,108,14,42,15,13,25,264,53,54.92424242424242,11.278195488721805,18.796992481203006,10.526315789473685,31.57894736842105
6,Brasa CTA,116,118,127,26,101,26,29,10,13,23,234,46,49.572649572649574,7.874015748031496,20.47244094488189,20.47244094488189,22.834645669291337
7,Atos Jiu-Jitsu,157,93,119,35,84,12,32,23,14,14,250,51,62.8,19.327731092436974,29.41176470588235,10.084033613445378,26.89075630252101
8,Mako Team Paris,84,109,117,17,100,20,34,8,8,15,193,31,43.523316062176164,6.837606837606837,14.52991452991453,17.094017094017094,29.05982905982906
9,Cicero Costha Internacional,117,91,102,27,75,10,28,10,7,17,208,34,56.25,9.803921568627452,26.470588235294116,9.803921568627452,27.45098039215686
10,Icon Jiu-Jitsu Team,92,89,96,18,78,19,18,7,8,11,181,26,50.828729281767956,7.291666666666667,18.75,19.791666666666668,18.75
11,Roger Gracie Academy,74,90,96,17,79,13,22,6,4,13,164,23,45.1219512195122,6.25,17.708333333333332,13.541666666666666,22.916666666666668
12,Six Blades Jiu-Jitsu,66,68,76,15,61,9,15,8,4,11,134,23,49.25373134328358,10.526315789473685,19.736842105263158,11.842105263157896,19.736842105263158
13,De La Riva International,65,63,73,11,62,11,10,11,8,17,128,36,50.78125,15.068493150684931,15.068493150684931,15.068493150684931,13.698630136986301
14,IFT,41,63,69,4,65,21,21,6,1,12,104,19,39.42307692307692,8.695652173913043,5.797101449275362,30.434782608695652,30.434782608695652
15,WAO,52,59,62,8,54,10,8,3,5,12,111,20,46.846846846846844,4.838709677419355,12.903225806451612,16.129032258064516,12.903225806451612
16,Nova União,92,50,61,8,53,6,16,11,12,4,142,27,64.78873239436619,18.0327868852459,13.114754098360656,9.836065573770492,26.229508196721312
17,Karkara BJJ,43,50,54,17,37,15,8,2,5,7,93,14,46.236559139784944,3.7037037037037037,31.48148148148148,27.77777777777778,14.814814814814815
18,Gracie Barra BJJ,33,50,52,7,45,7,5,1,1,1,83,3,39.75903614457831,1.9230769230769231,13.461538461538462,13.461538461538462,9.615384615384615
19,Qatar BJJ / Vision Brasil ,87,44,48,16,32,1,7,4,11,8,131,23,66.41221374045801,8.333333333333334,33.333333333333336,2.0833333333333335,14.583333333333334
20,CheckMat International,46,47,47,9,38,1,9,0,2,7,93,9,49.46236559139785,0.0,19.148936170212767,2.127659574468085,19.148936170212767
21,CDK Team,38,45,46,1,45,6,6,1,3,4,83,8,45.78313253012048,2.1739130434782608,2.1739130434782608,13.043478260869565,13.043478260869565
22,Cercle Tissier,36,40,42,0,42,4,6,2,4,5,76,11,47.36842105263158,4.761904761904762,0.0,9.523809523809524,14.285714285714286
23,Mathias Ribeiro Team,49,35,40,8,32,10,10,5,4,8,84,17,58.333333333333336,12.5,20.0,25.0,25.0
24,Soul Fighters BJJ,20,33,35,10,25,4,2,2,2,4,53,8,37.735849056603776,5.714285714285714,28.571428571428573,11.428571428571429,5.714285714285714
25,Academie Pythagore,17,35,35,4,31,6,6,0,2,7,52,9,32.69230769230769,0.0,11.428571428571429,17.142857142857142,17.142857142857142
26,Focus Jiu-Jitsu,36,32,34,5,29,12,5,2,1,1,68,4,52.94117647058823,5.882352941176471,14.705882352941176,35.294117647058826,14.705882352941176
27,Brazilian Power Team International,32,29,32,6,26,3,8,3,5,8,61,16,52.459016393442624,9.375,18.75,9.375,25.0
28,RIO BCN JJ,31,31,31,3,28,4,2,0,2,3,62,5,50.0,0.0,9.67741935483871,12.903225806451612,6.451612903225806
29,BJJ Revolution Team - International ,23,29,31,9,22,7,8,3,4,7,52,14,44.23076923076923,9.67741935483871,29.032258064516128,22.580645161290324,25.806451612903224
30,Gracie Barcelona,23,27,30,14,16,6,3,3,4,6,50,13,46.0,10.0,46.666666666666664,20.0,10.0
31,Frontline Academy,21,29,30,7,23,1,7,2,3,2,50,7,42.0,6.666666666666667,23.333333333333332,3.3333333333333335,23.333333333333332
32,Unity Jiu-jitsu,41,21,27,9,18,3,5,6,1,7,62,14,66.12903225806451,22.22222222222222,33.333333333333336,11.11111111111111,18.51851851851852
33,Dynamix Fighting Sports,19,24,27,8,19,3,1,3,1,4,43,8,44.18604651162791,11.11111111111111,29.62962962962963,11.11111111111111,3.7037037037037037
34,Art of Jiu Jitsu,55,16,26,8,18,0,4,9,3,7,71,19,77.46478873239437,34.61538461538461,30.76923076923077,0.0,15.384615384615385
35,Sigma Jiu-Jitsu,27,26,26,7,19,0,3,1,5,1,53,7,50.943396226415096,3.8461538461538463,26.923076923076923,0.0,11.538461538461538
36,Cens Academy,30,22,25,1,24,9,2,1,1,3,52,5,57.69230769230769,4.0,4.0,36.0,8.0
37,Zenith BJJ,20,21,24,10,14,0,8,3,2,3,41,8,48.78048780487805,12.5,41.666666666666664,0.0,33.333333333333336
38,ECJJA,17,22,24,9,15,2,0,2,1,4,39,7,43.58974358974359,8.333333333333334,37.5,8.333333333333334,0.0
39,R1NG BJJ,21,19,22,2,20,1,4,3,2,2,40,7,52.5,13.636363636363637,9.090909090909092,4.545454545454546,18.181818181818183
40,Team 443,20,20,22,2,20,6,3,2,3,1,40,6,50.0,9.090909090909092,9.090909090909092,27.272727272727273,13.636363636363637
41,SBG International (SBGI),20,21,22,6,16,2,2,1,2,2,41,5,48.78048780487805,4.545454545454546,27.272727272727273,9.090909090909092,9.090909090909092
42,GF Team International,18,21,22,1,21,4,8,1,0,0,39,1,46.15384615384615,4.545454545454546,4.545454545454546,18.181818181818183,36.36363636363637
43,Infini Jiu-Jitsu,18,21,22,2,20,3,4,1,0,2,39,3,46.15384615384615,4.545454545454546,9.090909090909092,13.636363636363637,18.181818181818183
44,PS Phoenix BJJ International,18,21,22,4,18,6,6,1,2,6,39,9,46.15384615384615,4.545454545454546,18.181818181818183,27.272727272727273,27.272727272727273
45,Fratres Brazilian Jiu-Jitsu,27,20,21,8,13,0,15,1,5,5,47,11,57.4468085106383,4.761904761904762,38.095238095238095,0.0,71.42857142857143
46,Jackson Paulo Team,22,20,21,8,13,2,2,1,3,7,42,11,52.38095238095238,4.761904761904762,38.095238095238095,9.523809523809524,9.523809523809524
47,Team Ganbaru,14,20,21,3,18,3,3,1,0,3,34,4,41.1764705882353,4.761904761904762,14.285714285714286,14.285714285714286,14.285714285714286
48,Strela Team,13,20,21,3,18,7,1,1,1,2,33,4,39.39393939393939,4.761904761904762,14.285714285714286,33.333333333333336,4.761904761904762
49,Renzo Gracie Academy,20,20,20,6,14,1,2,0,5,3,40,8,50.0,0.0,30.0,5.0,10.0
50,ZR Team International,20,20,20,0,20,9,0,0,1,0,40,1,50.0,0.0,0.0,45.0,0.0
51,Família André Marola Portugal,14,19,20,5,15,9,2,1,0,3,33,4,42.42424242424242,5.0,25.0,45.0,10.0
52,Sportvision Honey Badgers,13,19,19,0,19,6,1,0,1,4,32,5,40.625,0.0,0.0,31.57894736842105,5.2631578947368425
53,Jungle BJJ,23,17,18,6,12,1,5,1,1,4,40,6,57.5,5.555555555555555,33.333333333333336,5.555555555555555,27.77777777777778
54,School of Champs ,19,18,18,2,16,2,1,1,2,2,37,5,51.351351351351354,5.555555555555555,11.11111111111111,11.11111111111111,5.555555555555555
55,London Fight Factory,14,17,18,3,15,4,0,1,0,4,31,5,45.16129032258065,5.555555555555555,16.666666666666668,22.22222222222222,0.0
56,Academia Gorila ,19,14,17,3,14,2,1,2,1,4,33,7,57.57575757575758,11.764705882352942,17.647058823529413,11.764705882352942,5.882352941176471
57,Association Aranha France,17,15,17,1,16,2,4,2,2,1,32,5,53.125,11.764705882352942,5.882352941176471,11.764705882352942,23.529411764705884
58,DreamArt,36,9,16,9,7,0,4,7,2,2,45,11,80.0,43.75,56.25,0.0,25.0
59,BJJ Team Basel,30,10,16,0,16,5,1,6,3,0,40,9,75.0,37.5,0.0,31.25,6.25
60,Brazilian Top Team,5,17,16,1,15,2,8,0,1,3,22,4,22.727272727272727,0.0,6.25,12.5,50.0
61,Amazonia Jiu-Jitsu,17,13,15,2,13,1,0,2,5,1,30,8,56.666666666666664,13.333333333333334,13.333333333333334,6.666666666666667,0.0
62,Lotus Club International,21,12,14,4,10,2,0,2,1,2,33,5,63.63636363636363,14.285714285714286,28.571428571428573,14.285714285714286,0.0
63,Reinaldo Ribeiro Team BJJ Association,15,12,14,0,14,5,2,2,1,4,27,7,55.55555555555556,14.285714285714286,0.0,35.714285714285715,14.285714285714286
64,Nick Brooks BJJ,12,13,14,3,11,0,5,1,0,4,25,5,48.0,7.142857142857143,21.428571428571427,0.0,35.714285714285715
65,LEAD BJJ,11,12,14,2,12,1,3,2,1,0,23,3,47.82608695652174,14.285714285714286,14.285714285714286,7.142857142857143,21.428571428571427
66,Combat Brothers,9,10,14,1,13,5,0,3,1,0,19,4,47.36842105263158,21.428571428571427,7.142857142857143,35.714285714285715,0.0
67,Bokk Jiu-Jitsu,4,14,14,5,9,5,0,0,0,1,18,1,22.22222222222222,0.0,35.714285714285715,35.714285714285715,0.0
68,Panda Supa Crew,4,14,14,5,9,3,2,0,2,3,18,5,22.22222222222222,0.0,35.714285714285715,21.428571428571427,14.285714285714286
69,Flow,13,11,13,1,12,0,4,2,0,2,24,4,54.166666666666664,15.384615384615385,7.6923076923076925,0.0,30.76923076923077
70,Resistencia Jiu-Jitsu Internacional,13,12,13,0,13,4,0,1,0,2,25,3,52.0,7.6923076923076925,0.0,30.76923076923077,0.0
71,Rick Young BJJ Academy,12,12,13,1,12,0,2,2,2,3,24,7,50.0,15.384615384615385,7.6923076923076925,0.0,15.384615384615385
72,Lilius Barnatt Martial Arts,10,12,13,3,10,0,2,1,0,2,22,3,45.45454545454545,7.6923076923076925,23.076923076923077,0.0,15.384615384615385
73,Mori Dojo,10,13,13,5,8,3,2,0,3,0,23,3,43.47826086956522,0.0,38.46153846153846,23.076923076923077,15.384615384615385
74,Gokudo,9,13,13,0,13,3,0,0,1,0,22,1,40.90909090909091,0.0,0.0,23.076923076923077,0.0
75,NS Brotherhood International,7,12,13,5,8,1,1,1,1,0,19,2,36.8421052631579,7.6923076923076925,38.46153846153846,7.6923076923076925,7.6923076923076925
76,Deo Jiu-Jitsu France,5,13,13,4,9,3,1,0,1,2,18,3,27.77777777777778,0.0,30.76923076923077,23.076923076923077,7.6923076923076925
77,Logic Europe,4,12,13,8,5,2,0,1,2,2,16,5,25.0,7.6923076923076925,61.53846153846154,15.384615384615385,0.0
78,Academy Caveirinha ,4,13,13,3,10,4,2,0,0,0,17,0,23.529411764705884,0.0,23.076923076923077,30.76923076923077,15.384615384615385
79,Igor Araujo Team,3,13,13,3,10,0,7,0,0,1,16,1,18.75,0.0,23.076923076923077,0.0,53.84615384615385
80,TJJ School,17,12,12,2,10,1,6,0,1,5,29,6,58.62068965517241,0.0,16.666666666666668,8.333333333333334,50.0
81,Team KF,14,10,12,5,7,0,2,2,1,1,24,4,58.333333333333336,16.666666666666668,41.666666666666664,0.0,16.666666666666668
82,Infight JJ,13,10,12,7,5,0,6,2,0,2,23,4,56.52173913043478,16.666666666666668,58.333333333333336,0.0,50.0
83,OXY,13,11,12,3,9,1,0,1,3,1,24,5,54.166666666666664,8.333333333333334,25.0,8.333333333333334,0.0
84,Competition Team Giorsetti,12,10,12,0,12,1,3,2,1,1,22,4,54.54545454545455,16.666666666666668,0.0,8.333333333333334,25.0
85,Absoluto BJJ,11,9,12,1,11,0,4,3,1,1,20,5,55.0,25.0,8.333333333333334,0.0,33.333333333333336
86,West Choke Family,11,12,12,2,10,5,1,0,2,1,23,3,47.82608695652174,0.0,16.666666666666668,41.666666666666664,8.333333333333334
87,Polar Jiu-Jitsu Team,9,10,12,3,9,0,2,2,2,1,19,5,47.36842105263158,16.666666666666668,25.0,0.0,16.666666666666668
88,JC Melun,7,12,12,4,8,1,1,0,1,1,19,2,36.8421052631579,0.0,33.333333333333336,8.333333333333334,8.333333333333334
89,The Coachinglab,5,10,12,0,12,2,2,1,0,2,15,3,33.333333333333336,8.333333333333334,0.0,16.666666666666668,16.666666666666668
90,MB Academy,5,13,12,3,9,2,1,0,0,3,18,3,27.77777777777778,0.0,25.0,16.666666666666668,8.333333333333334
91,Benmabrouk RF Team,17,10,11,0,11,3,1,1,1,2,27,4,62.96296296296296,9.090909090909092,0.0,27.272727272727273,9.090909090909092
92,Stealth BJJ,10,10,11,3,8,1,0,2,2,0,20,4,50.0,18.181818181818183,27.272727272727273,9.090909090909092,0.0
93,Milano Jiu-Jitsu - L'Accademia,6,11,11,2,9,3,0,0,0,0,17,0,35.294117647058826,0.0,18.181818181818183,27.272727272727273,0.0
94,TAC Team BJJ,3,11,11,2,9,0,4,0,0,2,14,2,21.428571428571427,0.0,18.181818181818183,0.0,36.36363636363637
95,CF24 Jiu-Jitsu,16,9,10,4,6,1,2,2,1,3,25,6,64.0,20.0,40.0,10.0,20.0
96,NL Team Agua Holland,13,8,10,0,10,4,0,2,1,0,21,3,61.904761904761905,20.0,0.0,40.0,0.0
97,Association Aranha,12,9,10,0,10,2,0,1,0,2,21,3,57.142857142857146,10.0,0.0,20.0,0.0
98,Akela,11,10,10,3,7,1,1,0,0,1,21,1,52.38095238095238,0.0,30.0,10.0,10.0
99,Hilti Nokia,11,10,10,5,5,0,0,0,1,4,21,5,52.38095238095238,0.0,50.0,0.0,0.0
100,ACTJJ International,10,9,10,2,8,2,0,1,1,1,19,3,52.63157894736842,10.0,20.0,20.0,0.0
101,Ralph Gracie Jiu-Jitsu Berkeley,10,9,10,2,8,1,3,1,0,3,19,4,52.63157894736842,10.0,20.0,10.0,30.0
102,Círculo De Jiu-Jitsu,10,10,10,2,8,2,3,0,0,2,20,2,50.0,0.0,20.0,20.0,30.0
103,YBJJ Academy,9,8,10,2,8,5,0,2,0,3,17,5,52.94117647058823,20.0,20.0,50.0,0.0
104,Aorta Team,8,9,10,6,4,5,0,1,1,1,17,3,47.05882352941177,10.0,60.0,50.0,0.0
105,Hokuto BJJ,8,10,10,1,9,0,0,0,0,3,18,3,44.44444444444444,0.0,10.0,0.0,0.0
106,The Brothers BJJ,8,10,10,2,8,6,1,0,1,1,18,2,44.44444444444444,0.0,20.0,60.0,10.0
107,Hilti BJJ International,7,9,10,4,6,5,1,1,1,1,16,3,43.75,10.0,40.0,50.0,10.0
108,Gremlin Jiu-Jitsu,6,10,10,2,8,4,0,0,2,1,16,3,37.5,0.0,20.0,40.0,0.0
109,Werdum Combat Team France,3,10,10,3,7,0,2,0,1,2,13,3,23.076923076923077,0.0,30.0,0.0,20.0
110,Schmitz Team,0,8,10,3,7,1,3,2,0,2,8,4,0.0,20.0,30.0,10.0,30.0
111,Jiu Jitsu Factory,11,9,9,0,9,1,1,0,0,3,20,3,55.0,0.0,0.0,11.11111111111111,11.11111111111111
112,Gracie Humaita International,10,7,9,5,4,2,3,2,0,2,17,4,58.8235294117647,22.22222222222222,55.55555555555556,22.22222222222222,33.333333333333336
113,Checkmat Europa,9,9,9,1,8,0,0,0,0,1,18,1,50.0,0.0,11.11111111111111,0.0,0.0
114,JJB Carcassonne,9,9,9,0,9,3,1,0,0,4,18,4,50.0,0.0,0.0,33.333333333333336,11.11111111111111
115,Double Five,8,8,9,4,5,1,4,1,1,0,16,2,50.0,11.11111111111111,44.44444444444444,11.11111111111111,44.44444444444444
116,Team Leites Stockholm,7,8,9,2,7,1,2,1,1,3,15,5,46.666666666666664,11.11111111111111,22.22222222222222,11.11111111111111,22.22222222222222
117,Maui Jiu-Jitsu Holland,6,7,9,1,8,0,2,2,1,0,13,3,46.15384615384615,22.22222222222222,11.11111111111111,0.0,22.22222222222222
118,Hilti BJJ Turku,6,9,9,3,6,0,2,0,0,1,15,1,40.0,0.0,33.333333333333336,0.0,22.22222222222222
119,JS Brazilian Jiu-Jitsu,5,9,9,3,6,0,1,0,0,2,14,2,35.714285714285715,0.0,33.333333333333336,0.0,11.11111111111111
120,Pedigo Submission Fighting,5,9,9,2,7,2,3,0,0,2,14,2,35.714285714285715,0.0,22.22222222222222,22.22222222222222,33.333333333333336
121,Mauricio Gomes Legacy,3,9,9,6,3,0,0,1,1,2,12,4,25.0,11.11111111111111,66.66666666666667,0.0,0.0
122,Team Gil Catarino,3,9,9,2,7,0,4,0,1,3,12,4,25.0,0.0,22.22222222222222,0.0,44.44444444444444
123,MatSide Jiu-Jitsu,2,8,9,1,8,1,3,1,1,0,10,2,20.0,11.11111111111111,11.11111111111111,11.11111111111111,33.333333333333336
124,Pato Studio,9,5,8,2,6,0,4,3,1,2,14,6,64.28571428571429,37.5,25.0,0.0,50.0
125,Barbosa Jiu-Jitsu Paris,8,7,8,2,6,2,0,1,1,1,15,3,53.333333333333336,12.5,25.0,25.0,0.0
126,Ares BJJ,7,8,8,2,6,0,4,0,0,2,15,2,46.666666666666664,0.0,25.0,0.0,50.0
127,Aeterna Jiu Jitsu,6,8,8,2,6,0,0,0,0,1,14,1,42.857142857142854,0.0,25.0,0.0,0.0
128,Aguilera BJJ - Ricardo Cavalcanti Luxembourg,6,8,8,1,7,2,4,0,0,3,14,3,42.857142857142854,0.0,12.5,25.0,50.0
129,Alan Ferreira Team,6,8,8,1,7,1,1,0,1,2,14,3,42.857142857142854,0.0,12.5,12.5,12.5
130,Alexandre Machado Association - AMA Jiu-Jitsu Team,6,8,8,1,7,0,6,0,0,1,14,1,42.857142857142854,0.0,12.5,0.0,75.0
131,Loop Jiu-Jitsu,5,8,8,3,5,0,4,0,1,1,13,2,38.46153846153846,0.0,37.5,0.0,50.0
132,Team Carvalho Sweden,5,8,8,0,8,2,0,0,0,2,13,2,38.46153846153846,0.0,0.0,25.0,0.0
133,PennArBed JJB,4,7,8,0,8,2,0,1,0,1,11,2,36.36363636363637,12.5,0.0,25.0,0.0
134,Mill Hill BJJ,4,8,8,0,8,2,1,0,0,1,12,1,33.333333333333336,0.0,0.0,25.0,12.5
135,Atos JJ International,3,7,8,4,4,1,0,0,0,0,10,0,30.0,0.0,50.0,12.5,0.0
136,Omar Salum Franca Jiu-Jitsu,3,8,8,0,8,1,1,0,1,2,11,3,27.272727272727273,0.0,0.0,12.5,12.5
137,Gracie Barra JJ,2,8,8,0,8,2,0,0,0,0,10,0,20.0,0.0,0.0,25.0,0.0
138,Oxford Jiu-Jitsu Republic,14,3,7,3,4,1,1,4,0,3,17,7,82.3529411764706,57.142857142857146,42.857142857142854,14.285714285714286,14.285714285714286
139,Subterra BJJ,13,5,7,0,7,0,1,2,0,2,18,4,72.22222222222223,28.571428571428573,0.0,0.0,14.285714285714286
140,Fight Sports International,12,7,7,1,6,0,2,0,3,1,19,4,63.1578947368421,0.0,14.285714285714286,0.0,28.571428571428573
141,Barbosa Jiu-Jitsu,11,6,7,0,7,0,4,1,2,1,17,4,64.70588235294117,14.285714285714286,0.0,0.0,57.142857142857146
142,Renzo Gracie Ottawa,9,7,7,2,5,0,1,0,0,2,16,2,56.25,0.0,28.571428571428573,0.0,14.285714285714286
143,Fox Team,8,6,7,0,7,1,0,1,1,0,14,2,57.142857142857146,14.285714285714286,0.0,14.285714285714286,0.0
144,Kabuto Fight Club,8,7,7,2,5,2,0,0,2,2,15,4,53.333333333333336,0.0,28.571428571428573,28.571428571428573,0.0
145,Saint Cyr JJB Fight Club Gym,7,7,7,0,7,4,1,0,0,0,14,0,50.0,0.0,0.0,57.142857142857146,14.285714285714286
146,Team Helsinki,7,7,7,3,4,0,0,0,2,0,14,2,50.0,0.0,42.857142857142854,0.0,0.0
147,Crazy 88,6,6,7,5,2,0,4,1,2,2,12,5,50.0,14.285714285714286,71.42857142857143,0.0,57.142857142857146
148,Gothenburg Fighter Centre,6,6,7,1,6,3,0,1,0,0,12,1,50.0,14.285714285714286,14.285714285714286,42.857142857142854,0.0
149,Gracie Humaita Reunion,6,6,7,0,7,1,2,1,0,2,12,3,50.0,14.285714285714286,0.0,14.285714285714286,28.571428571428573
150,Cantagalo International,6,7,7,0,7,0,4,0,0,1,13,1,46.15384615384615,0.0,0.0,0.0,57.142857142857146
151,Grand Union Jiu-Jitsu,6,7,7,1,6,1,1,0,3,1,13,4,46.15384615384615,0.0,14.285714285714286,14.285714285714286,14.285714285714286
152,Fernando Terere Jiu-Jitsu - Switzerland ,5,7,7,0,7,4,0,0,0,0,12,0,41.666666666666664,0.0,0.0,57.142857142857146,0.0
153,Alliance International ,4,7,7,0,7,0,0,0,0,0,11,0,36.36363636363637,0.0,0.0,0.0,0.0
154,Carlson Gracie International,4,7,7,0,7,1,1,0,0,0,11,0,36.36363636363637,0.0,0.0,14.285714285714286,14.285714285714286
155,Kernow BJJ,3,6,7,2,5,2,0,1,0,0,9,1,33.333333333333336,14.285714285714286,28.571428571428573,28.571428571428573,0.0
156,Mako Team Paris B,3,7,7,0,7,0,2,0,0,0,10,0,30.0,0.0,0.0,0.0,28.571428571428573
157,Renzo Gracie International,3,7,7,1,6,0,2,0,0,1,10,1,30.0,0.0,14.285714285714286,0.0,28.571428571428573
158,CFC Team,2,7,7,0,7,1,0,0,0,1,9,1,22.22222222222222,0.0,0.0,14.285714285714286,0.0
159,Group Fight Academy Bajo BJJ,2,7,7,0,7,2,0,0,0,0,9,0,22.22222222222222,0.0,0.0,28.571428571428573,0.0
160,Batatinha Team,1,8,7,2,5,1,1,0,0,1,9,1,11.11111111111111,0.0,28.571428571428573,14.285714285714286,14.285714285714286
161,Leão Marinho BJJ,1,7,7,0,7,0,1,0,0,0,8,0,12.5,0.0,0.0,0.0,14.285714285714286
162,Andy Roberts BJJ,10,4,6,0,6,0,1,2,0,0,14,2,71.42857142857143,33.333333333333336,0.0,0.0,16.666666666666668
163,Fight Sports,10,4,6,2,4,0,2,2,0,2,14,4,71.42857142857143,33.333333333333336,33.333333333333336,0.0,33.333333333333336
164,Gracie Humaita Phoenix,9,4,6,0,6,0,2,2,2,1,13,5,69.23076923076923,33.333333333333336,0.0,0.0,33.333333333333336
165,De Souza Dojo,7,3,6,4,2,1,1,3,1,0,10,4,70.0,50.0,66.66666666666667,16.666666666666668,16.666666666666668
166,Agnaldo Goes,7,5,6,1,5,0,0,1,1,1,12,3,58.333333333333336,16.666666666666668,16.666666666666668,0.0,0.0
167,Gracie Humaita,7,6,6,1,5,1,2,0,1,1,13,2,53.84615384615385,0.0,16.666666666666668,16.666666666666668,33.333333333333336
168,Prana Family,6,6,6,0,6,2,0,0,2,0,12,2,50.0,0.0,0.0,33.333333333333336,0.0
169,CFS BJJ,5,6,6,1,5,0,2,0,0,1,11,1,45.45454545454545,0.0,16.666666666666668,0.0,33.333333333333336
170,Brazilian Jiu-Jitsu Orleans Team,4,5,6,1,5,0,0,1,0,0,9,1,44.44444444444444,16.666666666666668,16.666666666666668,0.0,0.0
171,Jiu-Jitsu Methods ,4,6,6,3,3,3,1,1,1,0,10,2,40.0,16.666666666666668,50.0,50.0,16.666666666666668
172,Marco Nascimento BJJ,4,5,6,4,2,0,1,1,1,2,9,4,44.44444444444444,16.666666666666668,66.66666666666667,0.0,16.666666666666668
173,Mario Sukata International,4,5,6,1,5,2,3,1,1,0,9,2,44.44444444444444,16.666666666666668,16.666666666666668,33.333333333333336,50.0
174,Team Buda International,4,5,6,4,2,0,1,1,1,1,9,3,44.44444444444444,16.666666666666668,66.66666666666667,0.0,16.666666666666668
175,Elmntsjj Bahrain,4,6,6,2,4,0,1,0,1,0,10,1,40.0,0.0,33.333333333333336,0.0,16.666666666666668
176,Escapology BJJ,4,6,6,2,4,0,1,0,0,1,10,1,40.0,0.0,33.333333333333336,0.0,16.666666666666668
177,Adamas BJJ,3,6,6,1,5,1,0,0,0,0,9,0,33.333333333333336,0.0,16.666666666666668,16.666666666666668,0.0
178,Yoda Fight School,3,6,6,0,6,0,1,0,0,0,9,0,33.333333333333336,0.0,0.0,0.0,16.666666666666668
179,Aiseiri Kombat Jiu-Jitsu,2,6,6,2,4,0,0,0,0,1,8,1,25.0,0.0,33.333333333333336,0.0,0.0
180,Ataque Duplo,2,6,6,2,4,0,3,0,0,2,8,2,25.0,0.0,33.333333333333336,0.0,50.0
181,Team Jucão,2,6,6,2,4,0,0,0,1,2,8,3,25.0,0.0,33.333333333333336,0.0,0.0
182,Azarkan,1,6,6,0,6,2,0,0,0,0,7,0,14.285714285714286,0.0,0.0,33.333333333333336,0.0
183,Familia Marcio Frank BJJ,13,2,5,0,5,0,3,3,1,1,15,5,86.66666666666667,60.0,0.0,0.0,60.0
184,Team Lloyd Irvin,12,4,5,0,5,0,2,1,0,2,16,3,75.0,20.0,0.0,0.0,40.0
185,British Army BJJ,11,3,5,0,5,0,1,2,1,1,14,4,78.57142857142857,40.0,0.0,0.0,20.0
186,Bjj Core Japan ,10,5,5,0,5,0,3,0,2,0,15,2,66.66666666666667,0.0,0.0,0.0,60.0
187,Intelligent Team Ukraine,8,4,5,1,4,2,0,1,0,0,12,1,66.66666666666667,20.0,20.0,40.0,0.0
188,Studio NW2 - BJJ,7,4,5,0,5,1,2,1,1,0,11,2,63.63636363636363,20.0,0.0,20.0,40.0
189,Hilti BJJ Stockholm,6,4,5,2,3,0,0,0,0,1,10,1,60.0,0.0,40.0,0.0,0.0
190,Triton Fight Center,6,5,5,1,4,0,3,0,1,1,11,2,54.54545454545455,0.0,20.0,0.0,60.0
191,Mallorca BJJ,5,3,5,3,2,1,0,2,0,1,8,3,62.5,40.0,60.0,20.0,0.0
192,Fn Fight.co Europa ,5,4,5,0,5,1,1,1,0,0,9,1,55.55555555555556,20.0,0.0,20.0,20.0
193,Nest Martial Arts,5,4,5,2,3,1,0,1,1,0,9,2,55.55555555555556,20.0,40.0,20.0,0.0
194,A-Force Brazilian Jiu-Jitsu International,5,5,5,0,5,0,1,0,0,1,10,1,50.0,0.0,0.0,0.0,20.0
195,Barbosa JJ - Germany ,5,5,5,1,4,3,0,0,0,2,10,2,50.0,0.0,20.0,60.0,0.0
196,Outer Heaven,4,4,5,0,5,0,2,1,0,1,8,2,50.0,20.0,0.0,0.0,40.0
197,Cicero Costha Europe,4,5,5,0,5,2,0,0,0,0,9,0,44.44444444444444,0.0,0.0,40.0,0.0
198,Qatar BJJ / Vision ,4,5,5,0,5,2,0,0,1,1,9,2,44.44444444444444,0.0,0.0,40.0,0.0
199,NICKBJJ,3,4,5,3,2,1,0,1,0,1,7,2,42.857142857142854,20.0,60.0,20.0,0.0
200,Team Leone Petrosyan,3,5,5,0,5,2,0,0,0,0,8,0,37.5,0.0,0.0,40.0,0.0
201,Toronto BJJ,3,5,5,2,3,0,2,0,0,0,8,0,37.5,0.0,40.0,0.0,40.0
202,Cantagalo Paris,2,5,5,0,5,0,0,0,0,0,7,0,28.571428571428573,0.0,0.0,0.0,0.0
203,Cei Jiu-Jitsu International ,2,5,5,1,4,0,5,0,1,0,7,1,28.571428571428573,0.0,20.0,0.0,100.0
204,Choke-U,2,5,5,2,3,0,2,0,1,1,7,2,28.571428571428573,0.0,40.0,0.0,40.0
205,Coracao Valente Academy of Jiu-Jitsu ,2,5,5,0,5,0,0,0,1,1,7,2,28.571428571428573,0.0,0.0,0.0,0.0
206,Holy Ground Squad ,2,5,5,0,5,0,2,0,1,0,7,1,28.571428571428573,0.0,0.0,0.0,40.0
207,Art Of Flow Academy,1,6,5,5,0,0,0,0,1,1,7,2,14.285714285714286,0.0,100.0,0.0,0.0
208,Puma Club No Limit,1,5,5,0,5,3,0,0,0,0,6,0,16.666666666666668,0.0,0.0,60.0,0.0
209,Fabin Rosa Brazilian Jiu-Jitsu,12,1,4,0,4,0,0,3,0,0,13,3,92.3076923076923,75.0,0.0,0.0,0.0
210,Bad Boys JJ,8,2,4,1,3,0,0,2,0,0,10,2,80.0,50.0,25.0,0.0,0.0
211,Impacto BJJ,8,3,4,0,4,0,2,1,2,0,11,3,72.72727272727273,25.0,0.0,0.0,50.0
212,EDJ School of Jiu-Jitsu,7,2,4,2,2,0,2,2,0,0,9,2,77.77777777777777,50.0,50.0,0.0,50.0
213,Team Trondheim BJJ,7,2,4,2,2,0,0,2,0,1,9,3,77.77777777777777,50.0,50.0,0.0,0.0
214,Halavanca BJJ,7,3,4,3,1,0,1,1,0,2,10,3,70.0,25.0,75.0,0.0,25.0
215,Le Labo BJJ,6,4,4,1,3,0,1,0,2,0,10,2,60.0,0.0,25.0,0.0,25.0
216,Lótus Club,4,3,4,1,3,0,3,1,0,0,7,1,57.142857142857146,25.0,25.0,0.0,75.0
217,Renzo Gracie Mexico,4,3,4,2,2,0,0,1,1,0,7,2,57.142857142857146,25.0,50.0,0.0,0.0
218,The Brothers BJJ Pernambuco,4,3,4,2,2,0,1,1,0,1,7,2,57.142857142857146,25.0,50.0,0.0,25.0
219,Akxe BJJ Germany,4,4,4,0,4,2,0,0,0,1,8,1,50.0,0.0,0.0,50.0,0.0
220,Cens Academy B,4,4,4,0,4,3,0,0,0,0,8,0,50.0,0.0,0.0,75.0,0.0
221,D.O.A. Jiu-Jitsu,4,4,4,0,4,0,0,0,1,0,8,1,50.0,0.0,0.0,0.0,0.0
222,Haven Jiu-Jitsu,4,4,4,1,3,1,0,0,1,1,8,2,50.0,0.0,25.0,25.0,0.0
223,Riyadh Combat / Riyadh BJJ Team,4,4,4,0,4,0,1,0,0,3,8,3,50.0,0.0,0.0,0.0,25.0
224,Toronto Top Team,4,4,4,1,3,0,1,0,1,1,8,2,50.0,0.0,25.0,0.0,25.0
225,Sampa BJJ International,3,3,4,2,2,0,1,1,1,0,6,2,50.0,25.0,50.0,0.0,25.0
226,Top Brother Deutschland,3,3,4,2,2,0,0,1,0,0,6,1,50.0,25.0,50.0,0.0,0.0
227,7 Islands Jiu-Jitsu Team,3,4,4,0,4,3,0,0,2,0,7,2,42.857142857142854,0.0,0.0,75.0,0.0
228,Andre Carvalho Jiu-Jitsu France,3,4,4,0,4,0,0,0,0,1,7,1,42.857142857142854,0.0,0.0,0.0,0.0
229,Brazil Academy USA,3,4,4,1,3,0,1,0,1,1,7,2,42.857142857142854,0.0,25.0,0.0,25.0
230,FSB JJB,3,4,4,0,4,0,1,0,0,0,7,0,42.857142857142854,0.0,0.0,0.0,25.0
231,Gilson Farias Team,3,4,4,0,4,0,0,0,0,1,7,1,42.857142857142854,0.0,0.0,0.0,0.0
232,Lucio Sergio BJJ Lifestyle,3,4,4,0,4,0,1,0,0,0,7,0,42.857142857142854,0.0,0.0,0.0,25.0
233,Nybro Kampsport Center NKC,3,4,4,2,2,0,0,0,0,0,7,0,42.857142857142854,0.0,50.0,0.0,0.0
234,Team Jucão USA,2,2,4,4,0,0,0,2,1,0,4,3,50.0,50.0,100.0,0.0,0.0
235,Jiu-Jitsu Lab,2,4,4,1,3,0,2,0,0,1,6,1,33.333333333333336,0.0,25.0,0.0,50.0
236,PAT Academy Belgium,2,4,4,0,4,0,2,0,1,0,6,1,33.333333333333336,0.0,0.0,0.0,50.0
237,Team James Clingerman,2,4,4,0,4,0,1,0,0,0,6,0,33.333333333333336,0.0,0.0,0.0,25.0
238,Cosarca-Lions BJJ,1,4,4,0,4,0,0,0,0,1,5,1,20.0,0.0,0.0,0.0,0.0
239,Grigny Vic Academy,1,5,4,0,4,2,1,0,1,1,6,2,16.666666666666668,0.0,0.0,50.0,25.0
240,Masterless,1,5,4,3,1,1,0,0,0,1,6,1,16.666666666666668,0.0,75.0,25.0,0.0
241,Team Thurin JJB,1,4,4,2,2,1,1,0,1,0,5,1,20.0,0.0,50.0,25.0,25.0
242,Vicente Jr. Team,1,4,4,0,4,0,1,0,0,1,5,1,20.0,0.0,0.0,0.0,25.0
243,Bcn AA Jiu-Jitsu,0,4,4,2,2,2,1,0,0,1,4,1,0.0,0.0,50.0,50.0,25.0
244,MG TEAM,9,2,3,0,3,0,0,1,1,1,11,3,81.81818181818181,33.333333333333336,0.0,0.0,0.0
245,Stronger BJJ,8,2,3,2,1,0,0,1,2,0,10,3,80.0,33.333333333333336,66.66666666666667,0.0,0.0
246,Southside Brazilian Jiu-Jitsu,8,3,3,2,1,0,0,0,2,1,11,3,72.72727272727273,0.0,66.66666666666667,0.0,0.0
247,Hilti BJJ IMAG Berlin,7,1,3,2,1,0,1,2,1,0,8,3,87.5,66.66666666666667,66.66666666666667,0.0,33.333333333333336
248,Renzo Gracie Houston,6,1,3,0,3,0,1,2,0,0,7,2,85.71428571428571,66.66666666666667,0.0,0.0,33.333333333333336
249,Mario Sperry Jiu-Jitsu,6,3,3,0,3,0,1,0,1,1,9,2,66.66666666666667,0.0,0.0,0.0,33.333333333333336
250,Cantagalo Jiu-Jitsu London,5,2,3,2,1,0,0,1,0,1,7,2,71.42857142857143,33.333333333333336,66.66666666666667,0.0,0.0
251,Respire Jiu-Jitsu Internacional,5,2,3,0,3,1,1,1,1,0,7,2,71.42857142857143,33.333333333333336,0.0,33.333333333333336,33.333333333333336
252,Atliens Odyssey,5,3,3,1,2,0,0,0,1,0,8,1,62.5,0.0,33.333333333333336,0.0,0.0
253,New School BJJ,5,3,3,0,3,1,0,0,1,0,8,1,62.5,0.0,0.0,33.333333333333336,0.0
254,Team Predador Brasil,5,3,3,0,3,0,1,0,1,1,8,2,62.5,0.0,0.0,0.0,33.333333333333336
255,Abmar Barbosa Association,4,2,3,2,1,0,2,1,0,1,6,2,66.66666666666667,33.333333333333336,66.66666666666667,0.0,66.66666666666667
256,BETA Academy,4,3,3,0,3,0,0,0,1,2,7,3,57.142857142857146,0.0,0.0,0.0,0.0
257,Stance,4,3,3,1,2,0,0,0,1,0,7,1,57.142857142857146,0.0,33.333333333333336,0.0,0.0
258,The Brothers BJJ International,4,3,3,0,3,0,0,0,1,0,7,1,57.142857142857146,0.0,0.0,0.0,0.0
259,Tribe Jiu-Jitsu Firenze Nord,4,3,3,1,2,0,0,0,0,1,7,1,57.142857142857146,0.0,33.333333333333336,0.0,0.0
260,ZR Team Nice,4,3,3,0,3,2,0,0,0,0,7,0,57.142857142857146,0.0,0.0,66.66666666666667,0.0
261,Crazy Team,3,2,3,0,3,1,0,1,0,0,5,1,60.0,33.333333333333336,0.0,33.333333333333336,0.0
262,Frontline Academy Drammen,3,2,3,2,1,1,0,1,0,1,5,2,60.0,33.333333333333336,66.66666666666667,33.333333333333336,0.0
263,McVicker's Brazilian Jiu Jitsu,3,2,3,0,3,0,3,1,0,0,5,1,60.0,33.333333333333336,0.0,0.0,100.0
264,Yaware,3,2,3,0,3,0,0,1,0,0,5,1,60.0,33.333333333333336,0.0,0.0,0.0
265,Artista Brazilian Jiu-Jitsu,3,3,3,1,2,0,0,0,1,1,6,2,50.0,0.0,33.333333333333336,0.0,0.0
266,Ireland Beyond Jiu-Jitsu Academy,3,3,3,1,2,0,0,0,0,0,6,0,50.0,0.0,33.333333333333336,0.0,0.0
267,Near East University Jiu-Jitsu,3,3,3,0,3,0,3,0,0,1,6,1,50.0,0.0,0.0,0.0,100.0
268,Draig,2,2,3,2,1,0,1,1,0,2,4,3,50.0,33.333333333333336,66.66666666666667,0.0,33.333333333333336
269,Romulo Melo Brazilian Jiu-Jitsu LLC.,2,2,3,1,2,0,1,1,0,0,4,1,50.0,33.333333333333336,33.333333333333336,0.0,33.333333333333336
270,Alex Alves Jiu-Jitsu,2,3,3,0,3,1,0,0,0,3,5,3,40.0,0.0,0.0,33.333333333333336,0.0
271,Blakz Team,2,3,3,1,2,0,0,0,0,1,5,1,40.0,0.0,33.333333333333336,0.0,0.0
272,ESJJ Ireland,2,3,3,0,3,0,0,0,0,2,5,2,40.0,0.0,0.0,0.0,0.0
273,London Grapple - Ross Nicholls,2,3,3,1,2,0,1,0,0,0,5,0,40.0,0.0,33.333333333333336,0.0,33.333333333333336
274,MG Team Spain,2,3,3,0,3,0,1,0,0,0,5,0,40.0,0.0,0.0,0.0,33.333333333333336
275,Massbjj Arlington,2,3,3,0,3,0,1,0,0,1,5,1,40.0,0.0,0.0,0.0,33.333333333333336
276,Rodrigo Freitas Brazilian Jiu-Jitsu,2,3,3,0,3,0,1,0,2,0,5,2,40.0,0.0,0.0,0.0,33.333333333333336
277,Submission Power Team,2,3,3,1,2,2,0,0,0,1,5,1,40.0,0.0,33.333333333333336,66.66666666666667,0.0
278,Waza,2,4,3,2,1,0,1,0,0,1,6,1,33.333333333333336,0.0,66.66666666666667,0.0,33.333333333333336
279,Kronos BJJ Europa,1,1,3,0,3,0,0,2,0,0,2,2,50.0,66.66666666666667,0.0,0.0,0.0
280,Sacamp,1,2,3,2,1,1,0,1,0,0,3,1,33.333333333333336,33.333333333333336,66.66666666666667,33.333333333333336,0.0
281,99 Nine Nine JJ - International,1,3,3,0,3,1,0,0,0,0,4,0,25.0,0.0,0.0,33.333333333333336,0.0
282,Caveirinha Jiu-Jitsu Family France,1,3,3,0,3,0,0,0,0,0,4,0,25.0,0.0,0.0,0.0,0.0
283,Clark Gracie Team International ,1,3,3,1,2,0,1,0,0,0,4,0,25.0,0.0,33.333333333333336,0.0,33.333333333333336
284,Eq. Claudionor Cardoso,1,3,3,0,3,1,1,0,0,1,4,1,25.0,0.0,0.0,33.333333333333336,33.333333333333336
285,GR Phoenix Jiu-Jitsu,1,3,3,1,2,0,0,0,0,0,4,0,25.0,0.0,33.333333333333336,0.0,0.0
286,Holohan Martial Arts,1,3,3,0,3,2,0,0,0,0,4,0,25.0,0.0,0.0,66.66666666666667,0.0
287,Jiu-Jitsu For Life Team,1,3,3,1,2,0,3,0,0,1,4,1,25.0,0.0,33.333333333333336,0.0,100.0
288,Milanimal,1,3,3,0,3,0,0,0,0,0,4,0,25.0,0.0,0.0,0.0,0.0
289,Roger Gracie,1,3,3,0,3,0,0,0,0,0,4,0,25.0,0.0,0.0,0.0,0.0
290,Royal Jiu-Jitsu,1,3,3,1,2,0,2,0,0,0,4,0,25.0,0.0,33.333333333333336,0.0,66.66666666666667
291,Tropa de Elite,1,3,3,0,3,0,1,0,0,0,4,0,25.0,0.0,0.0,0.0,33.333333333333336
292,AJJK,0,3,3,3,0,0,0,0,0,0,3,0,0.0,0.0,100.0,0.0,0.0
293,Akamat ,0,3,3,0,3,1,0,0,0,0,3,0,0.0,0.0,0.0,33.333333333333336,0.0
294,Associação Pantera House Jiu-jitsu,0,3,3,2,1,0,0,0,0,1,3,1,0.0,0.0,66.66666666666667,0.0,0.0
295,BLEC,0,3,3,0,3,0,1,0,0,0,3,0,0.0,0.0,0.0,0.0,33.333333333333336
296,Clube de Jiu-Jitsu Pitbull UAE ,0,3,3,2,1,0,3,0,0,2,3,2,0.0,0.0,66.66666666666667,0.0,100.0
297,Faz Forca Team,0,3,3,1,2,0,0,0,0,0,3,0,0.0,0.0,33.333333333333336,0.0,0.0
298,GF Team France,0,3,3,0,3,2,0,0,0,0,3,0,0.0,0.0,0.0,66.66666666666667,0.0
299,Grapplisses,0,3,3,0,3,0,1,0,0,0,3,0,0.0,0.0,0.0,0.0,33.333333333333336
300,Icon Jiu-Jitsu,0,3,3,0,3,1,0,0,0,0,3,0,0.0,0.0,0.0,33.333333333333336,0.0
301,Ippon,0,3,3,1,2,0,0,0,0,0,3,0,0.0,0.0,33.333333333333336,0.0,0.0
302,Juan Neves Bjj A.S.D.,0,3,3,2,1,0,0,0,0,1,3,1,0.0,0.0,66.66666666666667,0.0,0.0
303,Núcleo JJ,0,3,3,0,3,0,0,0,0,1,3,1,0.0,0.0,0.0,0.0,0.0
304,Renzo Gracie Holland,0,3,3,1,2,0,0,0,0,0,3,0,0.0,0.0,33.333333333333336,0.0,0.0
305,Sasquatch Studios,0,3,3,0,3,0,0,0,0,0,3,0,0.0,0.0,0.0,0.0,0.0
306,Võimla,0,3,3,2,1,0,0,0,0,1,3,1,0.0,0.0,66.66666666666667,0.0,0.0
307,Wish Roll,0,3,3,0,3,1,1,0,0,0,3,0,0.0,0.0,0.0,33.333333333333336,33.333333333333336
308,Carranca Team,6,0,2,2,0,0,0,2,0,0,6,2,100.0,100.0,100.0,0.0,0.0
309,Silver Fox BJJ International,6,1,2,0,2,0,0,1,0,0,7,1,85.71428571428571,50.0,0.0,0.0,0.0
310,Tirana MMA Center,6,1,2,2,0,0,0,1,0,1,7,2,85.71428571428571,50.0,100.0,0.0,0.0
311,Kimura BJJ USA,6,2,2,0,2,1,0,0,1,0,8,1,75.0,0.0,0.0,50.0,0.0
312,WAO Team B,6,2,2,0,2,0,0,0,0,1,8,1,75.0,0.0,0.0,0.0,0.0
313,Higashi Jiu Jitsu Canada,5,0,2,2,0,0,0,2,0,0,5,2,100.0,100.0,100.0,0.0,0.0
314,El Club De La Lucha Barcelona,5,1,2,1,1,0,0,1,1,0,6,2,83.33333333333333,50.0,50.0,0.0,0.0
315,Fabio Novaes BJJ,5,1,2,1,1,1,0,1,1,0,6,2,83.33333333333333,50.0,50.0,50.0,0.0
316,Melqui Galvão Jiu-jitsu,5,1,2,1,1,0,2,1,1,0,6,2,83.33333333333333,50.0,50.0,0.0,100.0
317,Satsang BJJ,5,1,2,0,2,0,0,1,0,1,6,2,83.33333333333333,50.0,0.0,0.0,0.0
318,Super System BJJ,5,1,2,0,2,0,2,1,0,0,6,1,83.33333333333333,50.0,0.0,0.0,100.0
319,Otávio de Almeida,5,2,2,0,2,0,2,0,1,1,7,2,71.42857142857143,0.0,0.0,0.0,100.0
320,Ryan Gracie Team ,5,2,2,0,2,0,0,0,0,2,7,2,71.42857142857143,0.0,0.0,0.0,0.0
321,G13 BJJ USA,4,0,2,2,0,0,0,2,0,0,4,2,100.0,100.0,100.0,0.0,0.0
322,RMBJJ Academy,4,1,2,0,2,0,0,1,1,0,5,2,80.0,50.0,0.0,0.0,0.0
323,WAT BJJ,4,1,2,2,0,0,0,1,0,1,5,2,80.0,50.0,100.0,0.0,0.0
324,Budapesti Honvéd BJJ,4,2,2,0,2,0,2,0,2,0,6,2,66.66666666666667,0.0,0.0,0.0,100.0
325,Galo Association BJJ,4,2,2,0,2,0,0,0,0,1,6,1,66.66666666666667,0.0,0.0,0.0,0.0
326,ROXBJJ,4,2,2,2,0,0,0,0,1,0,6,1,66.66666666666667,0.0,100.0,0.0,0.0
327,Stealth BJJ Bolton,4,2,2,0,2,0,1,0,0,1,6,1,66.66666666666667,0.0,0.0,0.0,50.0
328,TOHO BJJ,4,2,2,0,2,0,1,0,1,0,6,1,66.66666666666667,0.0,0.0,0.0,50.0
329,Azimuth Brazilian Jiu-Jitsu,3,1,2,0,2,0,0,1,0,0,4,1,75.0,50.0,0.0,0.0,0.0
330,Smartjits,3,1,2,1,1,0,0,1,0,1,4,2,75.0,50.0,50.0,0.0,0.0
331,The Resistance,3,1,2,1,1,0,0,1,0,0,4,1,75.0,50.0,50.0,0.0,0.0
332,Warwolf BJJ,3,1,2,0,2,0,0,1,0,0,4,1,75.0,50.0,0.0,0.0,0.0
333,222 Jiu-Jitsu,3,2,2,0,2,1,1,0,0,1,5,1,60.0,0.0,0.0,50.0,50.0
334,8e20 Project,3,2,2,0,2,0,1,0,1,0,5,1,60.0,0.0,0.0,0.0,50.0
335,Aura Jiu-Jitsu,3,2,2,1,1,0,1,0,0,1,5,1,60.0,0.0,50.0,0.0,50.0
336,FaMA BJJ,3,2,2,0,2,0,0,0,1,0,5,1,60.0,0.0,0.0,0.0,0.0
337,Imperium 22 BJJ,3,2,2,0,2,0,0,0,1,0,5,1,60.0,0.0,0.0,0.0,0.0
338,Legion American Jiu-Jitsu,3,2,2,0,2,0,0,0,0,0,5,0,60.0,0.0,0.0,0.0,0.0
339,RMNU Brasil,3,2,2,0,2,0,1,0,1,0,5,1,60.0,0.0,0.0,0.0,50.0
340,TRA Jiu-Jitsu,3,2,2,0,2,0,0,0,1,1,5,2,60.0,0.0,0.0,0.0,0.0
341,Tiko Souza,3,2,2,0,2,0,1,0,0,0,5,0,60.0,0.0,0.0,0.0,50.0
342,Tribe Jiu-Jitsu Pescara,3,2,2,0,2,0,0,0,0,2,5,2,60.0,0.0,0.0,0.0,0.0
343,Z Fight Academy,3,2,2,0,2,2,0,0,0,1,5,1,60.0,0.0,0.0,100.0,0.0
344,Equipe Edinho Silva,2,0,2,2,0,0,0,2,0,0,2,2,100.0,100.0,100.0,0.0,0.0
345,Maromba Academia,2,0,2,2,0,0,2,2,0,0,2,2,100.0,100.0,100.0,0.0,100.0
346,Balance,2,1,2,0,2,0,0,1,0,0,3,1,66.66666666666667,50.0,0.0,0.0,0.0
347,Equipe Juquinha,2,1,2,2,0,0,0,1,0,1,3,2,66.66666666666667,50.0,100.0,0.0,0.0
348,Helvecio Penna Chihuahua,2,1,2,1,1,0,2,1,0,0,3,1,66.66666666666667,50.0,50.0,0.0,100.0
349,Legacy,2,1,2,1,1,0,0,1,0,0,3,1,66.66666666666667,50.0,50.0,0.0,0.0
350,Legacy Jiu-Jitsu - Team Alberto Crane,2,1,2,2,0,0,2,1,1,0,3,2,66.66666666666667,50.0,100.0,0.0,100.0
351,Sloboda Tuzla BJJ - Hilti BJJ,2,1,2,0,2,2,0,1,0,0,3,1,66.66666666666667,50.0,0.0,100.0,0.0
352,T. Birmingham Academy,2,1,2,0,2,0,1,1,0,0,3,1,66.66666666666667,50.0,0.0,0.0,50.0
353,Titanes BJJ,2,1,2,1,1,1,0,1,0,0,3,1,66.66666666666667,50.0,50.0,50.0,0.0
354,45 BJJ,2,2,2,0,2,0,2,0,0,1,4,1,50.0,0.0,0.0,0.0,100.0
355,Alma Fight Gym Life,2,2,2,0,2,0,0,0,0,1,4,1,50.0,0.0,0.0,0.0,0.0
356,Equipe TCA,2,2,2,0,2,0,1,0,0,0,4,0,50.0,0.0,0.0,0.0,50.0
357,Evolution Force Team,2,2,2,0,2,1,0,0,0,0,4,0,50.0,0.0,0.0,50.0,0.0
358,Familia Andre Marola,2,2,2,0,2,2,0,0,0,0,4,0,50.0,0.0,0.0,100.0,0.0
359,Fight TLV,2,2,2,0,2,0,0,0,1,1,4,2,50.0,0.0,0.0,0.0,0.0
360,Gregor Gracie Jiu-Jitsu,2,2,2,0,2,0,0,0,0,0,4,0,50.0,0.0,0.0,0.0,0.0
361,Igloo,2,2,2,0,2,0,0,0,0,1,4,1,50.0,0.0,0.0,0.0,0.0
362,Inverted Gear Academy,2,2,2,2,0,0,2,0,1,1,4,2,50.0,0.0,100.0,0.0,100.0
363,JRBJJAC,2,2,2,0,2,0,1,0,0,0,4,0,50.0,0.0,0.0,0.0,50.0
364,KJ Competition Team ,2,2,2,1,1,0,1,0,0,1,4,1,50.0,0.0,50.0,0.0,50.0
365,Ken Gabrielson's Combative Fighting Systems,2,2,2,1,1,1,1,0,0,0,4,0,50.0,0.0,50.0,50.0,50.0
366,Luz BJJ,2,2,2,0,2,0,0,0,0,1,4,1,50.0,0.0,0.0,0.0,0.0
367,Mirkovic BJJ,2,2,2,0,2,1,0,0,0,0,4,0,50.0,0.0,0.0,50.0,0.0
368,Novus Academy Metro,2,2,2,1,1,0,0,0,0,1,4,1,50.0,0.0,50.0,0.0,0.0
369,Old Guard Jiu-Jitsu,2,2,2,1,1,0,0,0,0,0,4,0,50.0,0.0,50.0,0.0,0.0
370,Stallion Gym,2,2,2,2,0,0,0,0,0,2,4,2,50.0,0.0,100.0,0.0,0.0
371,Statera Jiu-Jitsu,2,2,2,1,1,1,0,0,0,0,4,0,50.0,0.0,50.0,50.0,0.0
372,TRUJITSU / Bakersfield,2,2,2,1,1,0,0,0,0,0,4,0,50.0,0.0,50.0,0.0,0.0
373,Team Carvalho Norway,2,2,2,1,1,0,0,0,0,0,4,0,50.0,0.0,50.0,0.0,0.0
374,Team Cruz BJJ,2,2,2,0,2,0,2,0,0,1,4,1,50.0,0.0,0.0,0.0,100.0
375,Team Tatame,2,2,2,0,2,0,0,0,0,0,4,0,50.0,0.0,0.0,0.0,0.0
376,VDBJJ,2,2,2,1,1,0,0,0,0,0,4,0,50.0,0.0,50.0,0.0,0.0
377,Valko BJJ Academy,2,2,2,0,2,0,2,0,0,1,4,1,50.0,0.0,0.0,0.0,100.0
378,MyBJJ Team,1,0,2,0,2,0,0,2,0,0,1,2,100.0,100.0,0.0,0.0,0.0
379,Sabre Jiu-Jitsu Academy,1,1,2,1,1,0,1,1,0,0,2,1,50.0,50.0,50.0,0.0,50.0
380,ARKA BJJ,1,2,2,2,0,0,0,0,0,1,3,1,33.333333333333336,0.0,100.0,0.0,0.0
381,ASC 59,1,2,2,1,1,0,0,0,0,0,3,0,33.333333333333336,0.0,50.0,0.0,0.0
382,AWP - Alpha Wolf Pack,1,2,2,0,2,0,1,0,0,1,3,1,33.333333333333336,0.0,0.0,0.0,50.0
383,Art of Fight - Lisboa,1,2,2,1,1,0,0,0,0,0,3,0,33.333333333333336,0.0,50.0,0.0,0.0
384,Atlantic Jiu-Jitsu,1,2,2,0,2,0,0,0,0,0,3,0,33.333333333333336,0.0,0.0,0.0,0.0
385,Atr Team Caraballo,1,2,2,0,2,0,1,0,0,0,3,0,33.333333333333336,0.0,0.0,0.0,50.0
386,Barreto,1,2,2,1,1,0,1,0,0,0,3,0,33.333333333333336,0.0,50.0,0.0,50.0
387,Brasa ,1,2,2,0,2,1,0,0,0,0,3,0,33.333333333333336,0.0,0.0,50.0,0.0
388,Cleber Jiu-Jitsu Visalia,1,2,2,0,2,0,1,0,0,0,3,0,33.333333333333336,0.0,0.0,0.0,50.0
389,Daniel Gracie Academy,1,2,2,1,1,0,0,0,0,0,3,0,33.333333333333336,0.0,50.0,0.0,0.0
390,Evolve MMA,1,2,2,0,2,0,1,0,0,0,3,0,33.333333333333336,0.0,0.0,0.0,50.0
391,Ferrer BJJ,1,3,2,0,2,0,0,0,0,1,4,1,25.0,0.0,0.0,0.0,0.0
392,Fighter Family,1,2,2,1,1,0,0,0,0,0,3,0,33.333333333333336,0.0,50.0,0.0,0.0
393,Foster Brazilian Jiu-Jitsu,1,2,2,0,2,0,2,0,0,1,3,1,33.333333333333336,0.0,0.0,0.0,100.0
394,Glam Team - Israel,1,2,2,1,1,0,0,0,0,0,3,0,33.333333333333336,0.0,50.0,0.0,0.0
395,Gracie Humaita Temecula ,1,2,2,0,2,0,1,0,0,0,3,0,33.333333333333336,0.0,0.0,0.0,50.0
396,Hangon Hyrskyt,1,2,2,0,2,0,1,0,0,0,3,0,33.333333333333336,0.0,0.0,0.0,50.0
397,Hunos Jiu-Jitsu,1,2,2,0,2,0,0,0,0,0,3,0,33.333333333333336,0.0,0.0,0.0,0.0
398,Infight Japan Jiu-Jitsu,1,2,2,0,2,0,0,0,0,0,3,0,33.333333333333336,0.0,0.0,0.0,0.0
399,Jiu-Jitsu Magenta,1,3,2,0,2,1,0,0,1,1,4,2,25.0,0.0,0.0,50.0,0.0
400,Montgeron Art Martiaux,1,2,2,0,2,0,0,0,0,0,3,0,33.333333333333336,0.0,0.0,0.0,0.0
401,Movement Art,1,2,2,0,2,0,0,0,0,0,3,0,33.333333333333336,0.0,0.0,0.0,0.0
402,OG Jiu-Jitsu,1,3,2,2,0,0,2,0,0,2,4,2,25.0,0.0,100.0,0.0,100.0
403,Paragon Brazilian Jiu Jitsu Austin,1,2,2,0,2,0,1,0,0,0,3,0,33.333333333333336,0.0,0.0,0.0,50.0
404,Pariente Academy,1,2,2,0,2,0,2,0,0,0,3,0,33.333333333333336,0.0,0.0,0.0,100.0
405,Predators MMA,1,2,2,0,2,0,2,0,0,1,3,1,33.333333333333336,0.0,0.0,0.0,100.0
406,Rafael Ribeiro BJJ,1,2,2,0,2,0,1,0,0,0,3,0,33.333333333333336,0.0,0.0,0.0,50.0
407,Relson Gracie Brasil,1,2,2,0,2,0,0,0,0,0,3,0,33.333333333333336,0.0,0.0,0.0,0.0
408,Richardson BJJ,1,2,2,0,2,0,1,0,1,0,3,1,33.333333333333336,0.0,0.0,0.0,50.0
409,Rolling JJ,1,2,2,0,2,0,0,0,0,0,3,0,33.333333333333336,0.0,0.0,0.0,0.0
410,St Albans Submission Grappling,1,3,2,2,0,0,0,0,1,1,4,2,25.0,0.0,100.0,0.0,0.0
411,Target Team,1,2,2,0,2,0,0,0,0,0,3,0,33.333333333333336,0.0,0.0,0.0,0.0
412,Team Shawn Hammonds,1,2,2,2,0,0,1,0,1,0,3,1,33.333333333333336,0.0,100.0,0.0,50.0
413,Tri-Force Jiu-Jitsu Academy,1,2,2,1,1,0,1,0,0,1,3,1,33.333333333333336,0.0,50.0,0.0,50.0
414,ZR Team UK,1,2,2,0,2,1,0,0,0,0,3,0,33.333333333333336,0.0,0.0,50.0,0.0
415,Gracie Fighter,0,1,2,0,2,0,0,1,0,1,1,2,0.0,50.0,0.0,0.0,0.0
416,Renzo Gracie Israel,0,1,2,0,2,0,0,1,0,0,1,1,0.0,50.0,0.0,0.0,0.0
417,BJJ Alsace,0,2,2,0,2,0,0,0,0,0,2,0,0.0,0.0,0.0,0.0,0.0
418,BJJ Team Marshmallow/Akita-Inu Do e.V.,0,2,2,0,2,0,2,0,0,1,2,1,0.0,0.0,0.0,0.0,100.0
419,Bittan Academy,0,2,2,1,1,1,0,0,0,0,2,0,0.0,0.0,50.0,50.0,0.0
420,Brazilian Jiu Jitsu Bolzano A.S.D.,0,2,2,0,2,1,0,0,0,0,2,0,0.0,0.0,0.0,50.0,0.0
421,CAZA Brazilian Jiu-Jitsu,0,2,2,2,0,0,0,0,0,1,2,1,0.0,0.0,100.0,0.0,0.0
422,Caio Terra Association,0,2,2,0,2,1,0,0,0,0,2,0,0.0,0.0,0.0,50.0,0.0
423,Clube Condor De Jiu Jitsu Spain ,0,2,2,0,2,0,2,0,0,0,2,0,0.0,0.0,0.0,0.0,100.0
424,Easton BJJ,0,2,2,2,0,0,0,0,1,0,2,1,0.0,0.0,100.0,0.0,0.0
425,Esporte Dez,0,2,2,0,2,0,2,0,0,0,2,0,0.0,0.0,0.0,0.0,100.0
426,Fight for a Kid,0,1,2,1,1,0,0,0,0,0,1,0,0.0,0.0,50.0,0.0,0.0
427,Frota Academy,0,2,2,1,1,0,0,0,0,1,2,1,0.0,0.0,50.0,0.0,0.0
428,GET-Fight Ireland,0,2,2,0,2,1,0,0,0,0,2,0,0.0,0.0,0.0,50.0,0.0
429,Inglorious Grapplers,0,2,2,1,1,0,0,0,0,0,2,0,0.0,0.0,50.0,0.0,0.0
430,JBA,0,2,2,0,2,0,1,0,0,0,2,0,0.0,0.0,0.0,0.0,50.0
431,Jaypee Gym,0,2,2,0,2,0,0,0,0,0,2,0,0.0,0.0,0.0,0.0,0.0
432,Jiboia BJJ,0,2,2,2,0,0,0,0,0,1,2,1,0.0,0.0,100.0,0.0,0.0
433,Joslin's Mixed Martial Arts,0,2,2,0,2,0,0,0,0,0,2,0,0.0,0.0,0.0,0.0,0.0
434,LCCT - Combat Team,0,2,2,1,1,0,1,0,0,0,2,0,0.0,0.0,50.0,0.0,50.0
435,Luiz Palhares Jiu-Jitsu,0,2,2,0,2,1,0,0,0,0,2,0,0.0,0.0,0.0,50.0,0.0
436,Michel Safi Brazilian Jiu-Jitsu School,0,2,2,0,2,0,1,0,0,0,2,0,0.0,0.0,0.0,0.0,50.0
437,Mondovi BJJ - Predator Jiu-Jitsu Team,0,2,2,0,2,0,0,0,0,0,2,0,0.0,0.0,0.0,0.0,0.0
438,Neves Brazilian Jiu-Jitsu Association,0,2,2,0,2,0,2,0,0,0,2,0,0.0,0.0,0.0,0.0,100.0
439,New England United BJJ,0,2,2,2,0,0,0,0,0,1,2,1,0.0,0.0,100.0,0.0,0.0
440,Pablo Silva BJJ,0,2,2,0,2,0,2,0,0,0,2,0,0.0,0.0,0.0,0.0,100.0
441,"RDS TEAM, UK",0,2,2,0,2,0,1,0,0,0,2,0,0.0,0.0,0.0,0.0,50.0
442,Rodrigo Vaghi BJJ,0,2,2,0,2,2,0,0,0,0,2,0,0.0,0.0,0.0,100.0,0.0
443,SAS Team ,0,2,2,0,2,0,1,0,0,0,2,0,0.0,0.0,0.0,0.0,50.0
444,Shinko Jiu-Jitsu Team,0,2,2,0,2,0,1,0,0,0,2,0,0.0,0.0,0.0,0.0,50.0
445,Six Blades Jiu-Jitsu International ,0,2,2,0,2,0,1,0,0,0,2,0,0.0,0.0,0.0,0.0,50.0
446,Submission Team,0,2,2,0,2,0,0,0,0,0,2,0,0.0,0.0,0.0,0.0,0.0
447,Tao Bjj,0,2,2,0,2,0,1,0,0,0,2,0,0.0,0.0,0.0,0.0,50.0
448,Team Crezio Lutas UK,0,2,2,0,2,0,0,0,1,1,2,2,0.0,0.0,0.0,0.0,0.0
449,Team MC,0,3,2,1,1,1,0,0,0,1,3,1,0.0,0.0,50.0,50.0,0.0
450,Tornado Jiu-Jitsu Academy,0,2,2,1,1,1,0,0,0,1,2,1,0.0,0.0,50.0,50.0,0.0
451,United Kings Poland,0,2,2,1,1,0,1,0,0,0,2,0,0.0,0.0,50.0,0.0,50.0
452,Uzcategui Brazilian Jiu-Jitsu,0,2,2,0,2,1,0,0,0,1,2,1,0.0,0.0,0.0,50.0,0.0
453,Willcox Team,0,2,2,2,0,0,1,0,0,1,2,1,0.0,0.0,100.0,0.0,50.0
454,ZR Team Hungary,0,2,2,0,2,0,0,0,0,0,2,0,0.0,0.0,0.0,0.0,0.0
455,Rilion Gracie Atlanta - Ranieri Paiva BJJ,5,0,1,0,1,0,1,1,0,0,5,1,100.0,100.0,0.0,0.0,100.0
456,Companhia Jiu-Jitsu,4,0,1,0,1,0,0,1,0,0,4,1,100.0,100.0,0.0,0.0,0.0
457,Fight Sports Brasil,4,0,1,0,1,0,1,1,0,0,4,1,100.0,100.0,0.0,0.0,100.0
458,Ac. Atitude - Acre,4,1,1,0,1,0,1,0,1,0,5,1,80.0,0.0,0.0,0.0,100.0
459,Rio Grappling Club Europe,4,1,1,0,1,0,0,0,0,1,5,1,80.0,0.0,0.0,0.0,0.0
460,Garcia Top Team,3,0,1,0,1,0,0,1,0,0,3,1,100.0,100.0,0.0,0.0,0.0
461,MNBJJ Glasgow,3,0,1,0,1,0,0,1,0,0,3,1,100.0,100.0,0.0,0.0,0.0
462,Ns Brotherhood,3,0,1,1,0,0,0,1,0,0,3,1,100.0,100.0,100.0,0.0,0.0
463,Paraestra,3,0,1,1,0,0,0,1,0,0,3,1,100.0,100.0,100.0,0.0,0.0
464,Academia Jiu-Jitsu,3,1,1,0,1,0,1,0,1,0,4,1,75.0,0.0,0.0,0.0,100.0
465,Alliance Jiu-Jitsu,3,1,1,0,1,0,0,0,0,0,4,0,75.0,0.0,0.0,0.0,0.0
466,Neto Estrela Martial Arts,3,1,1,0,1,0,0,0,0,1,4,1,75.0,0.0,0.0,0.0,0.0
467,Ralph Gracie Poland,3,1,1,0,1,0,1,0,0,1,4,1,75.0,0.0,0.0,0.0,100.0
468,Seorae Jiu Jitsu,3,1,1,0,1,0,0,0,1,0,4,1,75.0,0.0,0.0,0.0,0.0
469,Shun JJ International ,3,1,1,0,1,0,0,0,0,1,4,1,75.0,0.0,0.0,0.0,0.0
470,"Team Royce Gracie, Washington",3,1,1,0,1,0,1,0,0,1,4,1,75.0,0.0,0.0,0.0,100.0
471,Tetris,3,1,1,0,1,0,0,0,0,0,4,0,75.0,0.0,0.0,0.0,0.0
472,Tribe Jiu-Jitsu Roma,3,1,1,0,1,0,0,0,0,1,4,1,75.0,0.0,0.0,0.0,0.0
473,District Training Zone,2,1,1,1,0,0,0,1,0,0,3,1,66.66666666666667,100.0,100.0,0.0,0.0
474,Higher Ground BJJ,2,0,1,0,1,0,1,1,0,0,2,1,100.0,100.0,0.0,0.0,100.0
475,Kowloon Jiu-Jitsu,2,0,1,1,0,0,0,1,0,0,2,1,100.0,100.0,100.0,0.0,0.0
476,Mitra BJJ,2,0,1,0,1,0,0,1,0,0,2,1,100.0,100.0,0.0,0.0,0.0
477,Mjolnir,2,0,1,0,1,0,0,1,0,0,2,1,100.0,100.0,0.0,0.0,0.0
478,Princeton Brazilian Jiu-Jitsu,2,0,1,1,0,0,1,1,0,0,2,1,100.0,100.0,100.0,0.0,100.0
479,RCJ Machado,2,0,1,1,0,0,1,1,0,0,2,1,100.0,100.0,100.0,0.0,100.0
480,Shonen Jiu-Jitsu,2,0,1,1,0,0,0,1,0,0,2,1,100.0,100.0,100.0,0.0,0.0
481,Xion Gym,2,0,1,1,0,1,0,1,0,0,2,1,100.0,100.0,100.0,100.0,0.0
482,Arena Saudi Arabia,2,1,1,0,1,0,1,0,0,1,3,1,66.66666666666667,0.0,0.0,0.0,100.0
483,Athletic Advance,2,1,1,1,0,0,0,0,0,0,3,0,66.66666666666667,0.0,100.0,0.0,0.0
484,Big Brothers,2,1,1,0,1,0,1,0,0,0,3,0,66.66666666666667,0.0,0.0,0.0,100.0
485,Brazil 021 International,2,1,1,0,1,0,0,0,0,1,3,1,66.66666666666667,0.0,0.0,0.0,0.0
486,CT Simas BJJ,2,1,1,0,1,0,0,0,0,0,3,0,66.66666666666667,0.0,0.0,0.0,0.0
487,Charles Gracie Jiu-Jitsu Academy - Daly City,2,1,1,0,1,0,0,0,0,1,3,1,66.66666666666667,0.0,0.0,0.0,0.0
488,CheckMat Brasil,2,1,1,0,1,0,0,0,0,0,3,0,66.66666666666667,0.0,0.0,0.0,0.0
489,Core Grappling Lab,2,1,1,0,1,0,1,0,0,1,3,1,66.66666666666667,0.0,0.0,0.0,100.0
490,Dojo Leo Iturralde,2,1,1,0,1,0,1,0,0,1,3,1,66.66666666666667,0.0,0.0,0.0,100.0
491,ESJJ (Excelence School of Jiu-Jitsu),2,1,1,0,1,0,1,0,1,0,3,1,66.66666666666667,0.0,0.0,0.0,100.0
492,Ensenada Bay Brazilian Jiu-Jitsu,2,1,1,0,1,1,0,0,1,0,3,1,66.66666666666667,0.0,0.0,100.0,0.0
493,Evox BJJ,2,1,1,0,1,0,0,0,0,1,3,1,66.66666666666667,0.0,0.0,0.0,0.0
494,FTCC LV,2,1,1,1,0,0,0,0,1,0,3,1,66.66666666666667,0.0,100.0,0.0,0.0
495,Gracie Humaita USA ,2,1,1,0,1,0,1,0,1,0,3,1,66.66666666666667,0.0,0.0,0.0,100.0
496,Guigo JJ,2,1,1,0,1,0,0,0,0,0,3,0,66.66666666666667,0.0,0.0,0.0,0.0
497,Guigo JJ International,2,1,1,0,1,0,1,0,0,0,3,0,66.66666666666667,0.0,0.0,0.0,100.0
498,Incognito BJJ,2,1,1,0,1,0,0,0,0,0,3,0,66.66666666666667,0.0,0.0,0.0,0.0
499,Jiu-Jitsu For Life Canada,2,1,1,1,0,0,0,0,1,0,3,1,66.66666666666667,0.0,100.0,0.0,0.0
500,Kronos BJJ HQ,2,1,1,0,1,0,1,0,0,1,3,1,66.66666666666667,0.0,0.0,0.0,100.0
501,Monarchy MMA,2,1,1,0,1,0,0,0,0,0,3,0,66.66666666666667,0.0,0.0,0.0,0.0
502,Nova União International,2,1,1,0,1,0,0,0,0,0,3,0,66.66666666666667,0.0,0.0,0.0,0.0
503,Nrfight,2,1,1,1,0,1,0,0,1,0,3,1,66.66666666666667,0.0,100.0,100.0,0.0
504,OLS Jiu Jitsu,2,1,1,0,1,0,0,0,0,1,3,1,66.66666666666667,0.0,0.0,0.0,0.0
505,PGT Ireland,2,1,1,0,1,0,0,0,0,0,3,0,66.66666666666667,0.0,0.0,0.0,0.0
506,Ricardo Vianna Team,2,1,1,0,1,0,0,0,0,0,3,0,66.66666666666667,0.0,0.0,0.0,0.0
507,Rocinha Elite Group,2,1,1,0,1,0,0,0,0,0,3,0,66.66666666666667,0.0,0.0,0.0,0.0
508,Rodrigo Pinheiro BJJ,2,1,1,0,1,0,1,0,0,0,3,0,66.66666666666667,0.0,0.0,0.0,100.0
509,Team Balloutta,2,1,1,0,1,0,1,0,0,0,3,0,66.66666666666667,0.0,0.0,0.0,100.0
510,The Match Champ,2,1,1,0,1,0,0,0,0,0,3,0,66.66666666666667,0.0,0.0,0.0,0.0
511,Top Brother,2,1,1,0,1,0,0,0,0,0,3,0,66.66666666666667,0.0,0.0,0.0,0.0
512,UNG Brazilian Jiu-Jitsu,2,1,1,0,1,0,1,0,0,0,3,0,66.66666666666667,0.0,0.0,0.0,100.0
513,Unity Jiu-Jitsu International,2,1,1,0,1,0,0,0,0,0,3,0,66.66666666666667,0.0,0.0,0.0,0.0
514,Wolfgang Heindel Academy,2,1,1,0,1,0,0,0,0,1,3,1,66.66666666666667,0.0,0.0,0.0,0.0
515,Next Level Jiu-Jitsu France,1,0,1,0,1,0,0,1,0,0,1,1,100.0,100.0,0.0,0.0,0.0
516,AOC Jiu-Jitsu,1,1,1,0,1,0,1,0,0,0,2,0,50.0,0.0,0.0,0.0,100.0
517,Academia Campo Formoso Dojô Jiu-Jitsu,1,1,1,0,1,0,0,0,0,0,2,0,50.0,0.0,0.0,0.0,0.0
518,American Jiu-Jitsu Syndicate,1,1,1,0,1,0,1,0,0,0,2,0,50.0,0.0,0.0,0.0,100.0
519,Associazione Aranha Italia,1,1,1,0,1,0,1,0,0,1,2,1,50.0,0.0,0.0,0.0,100.0
520,Associação Monteiro,1,1,1,0,1,0,1,0,0,1,2,1,50.0,0.0,0.0,0.0,100.0
521,Athenaeum BJJ,1,1,1,0,1,0,0,0,0,0,2,0,50.0,0.0,0.0,0.0,0.0
522,Baret Submissions USA,1,1,1,1,0,0,0,0,0,1,2,1,50.0,0.0,100.0,0.0,0.0
523,Bon-Sai Jiu-Jitsu,1,1,1,0,1,0,0,0,0,0,2,0,50.0,0.0,0.0,0.0,0.0
524,Bulldozer BJJ,1,1,1,0,1,0,1,0,1,0,2,1,50.0,0.0,0.0,0.0,100.0
525,Buschkampbros,1,1,1,0,1,0,0,0,0,0,2,0,50.0,0.0,0.0,0.0,0.0
526,Carpe Diem,1,1,1,0,1,0,1,0,0,0,2,0,50.0,0.0,0.0,0.0,100.0
527,Carpio Jiu-Jitsu Argentina,1,1,1,0,1,0,0,0,0,0,2,0,50.0,0.0,0.0,0.0,0.0
528,Cascao Jiu-Jitsu,1,1,1,0,1,0,1,0,0,0,2,0,50.0,0.0,0.0,0.0,100.0
529,Ceconi KMKZ,1,1,1,1,0,0,0,0,1,0,2,1,50.0,0.0,100.0,0.0,0.0
530,Centro De Treinamento Lauro Luiz,1,1,1,0,1,0,1,0,0,0,2,0,50.0,0.0,0.0,0.0,100.0
531,Cesar Maillet Team,1,1,1,1,0,0,0,0,0,0,2,0,50.0,0.0,100.0,0.0,0.0
532,Cleber Jiu Jitsu,1,1,1,0,1,0,1,0,0,0,2,0,50.0,0.0,0.0,0.0,100.0
533,Delegação Paraense,1,1,1,0,1,0,1,0,1,0,2,1,50.0,0.0,0.0,0.0,100.0
534,Denis Morais Team ,1,1,1,0,1,0,1,0,0,0,2,0,50.0,0.0,0.0,0.0,100.0
535,Estilo Jiu-Jitsu,1,1,1,0,1,0,0,0,0,0,2,0,50.0,0.0,0.0,0.0,0.0
536,Estum Jiu-Jitsu,1,1,1,0,1,0,0,0,0,0,2,0,50.0,0.0,0.0,0.0,0.0
537,Ethos Jiu-Jitsu ,1,1,1,0,1,0,0,0,0,0,2,0,50.0,0.0,0.0,0.0,0.0
538,Factory BJJ UK,1,1,1,0,1,0,0,0,0,0,2,0,50.0,0.0,0.0,0.0,0.0
539,Fernando Terere (FTBJJ),1,1,1,0,1,0,1,0,0,0,2,0,50.0,0.0,0.0,0.0,100.0
540,Fernando Terere Jiu-Jitsu ,1,1,1,0,1,0,1,0,0,0,2,0,50.0,0.0,0.0,0.0,100.0
541,Ferrari Team Academy,1,1,1,1,0,0,0,0,0,0,2,0,50.0,0.0,100.0,0.0,0.0
542,Fight Team Toulon,1,1,1,0,1,0,0,0,0,0,2,0,50.0,0.0,0.0,0.0,0.0
543,G T S,1,1,1,0,1,0,1,0,0,0,2,0,50.0,0.0,0.0,0.0,100.0
544,Gracie Terra Jj Portugal,1,1,1,0,1,0,0,0,0,0,2,0,50.0,0.0,0.0,0.0,0.0
545,Invictus BJJ,1,1,1,0,1,0,1,0,0,1,2,1,50.0,0.0,0.0,0.0,100.0
546,Jiu-Jitsu Dynamics Washington,1,1,1,0,1,0,1,0,0,1,2,1,50.0,0.0,0.0,0.0,100.0
547,Kuwait Jiu-Jitsu Academy,1,1,1,0,1,0,0,0,0,1,2,1,50.0,0.0,0.0,0.0,0.0
548,Lion Academy,1,1,1,0,1,0,0,0,1,0,2,1,50.0,0.0,0.0,0.0,0.0
549,Mandala Jiu-Jitsu School,1,1,1,0,1,0,0,0,0,0,2,0,50.0,0.0,0.0,0.0,0.0
550,Manzur Bros,1,1,1,0,1,0,0,0,0,0,2,0,50.0,0.0,0.0,0.0,0.0
551,Marzialmente,1,1,1,0,1,0,0,0,0,0,2,0,50.0,0.0,0.0,0.0,0.0
552,Mauro Pedro Brazilian Jiu Jitsu,1,1,1,0,1,0,0,0,0,0,2,0,50.0,0.0,0.0,0.0,0.0
553,Narcisio Villaça BJJ,1,1,1,0,1,0,1,0,0,1,2,1,50.0,0.0,0.0,0.0,100.0
554,Negev Academy,1,1,1,0,1,1,0,0,0,0,2,0,50.0,0.0,0.0,100.0,0.0
555,Ohana Jiu-Jitsu Academy,1,1,1,0,1,0,1,0,0,0,2,0,50.0,0.0,0.0,0.0,100.0
556,Omar Salum Jiu-Jitsu,1,1,1,0,1,0,1,0,0,0,2,0,50.0,0.0,0.0,0.0,100.0
557,PK29,1,1,1,0,1,0,0,0,0,0,2,0,50.0,0.0,0.0,0.0,0.0
558,Para Bellum Brazilian Jiu Jitsu Academy,1,1,1,1,0,0,0,0,0,0,2,0,50.0,0.0,100.0,0.0,0.0
559,Pirates,1,1,1,0,1,1,0,0,0,1,2,1,50.0,0.0,0.0,100.0,0.0
560,Pitbull Brothers,1,1,1,0,1,0,1,0,0,0,2,0,50.0,0.0,0.0,0.0,100.0
561,Precision Jiu-Jitsu,1,1,1,0,1,0,1,0,0,0,2,0,50.0,0.0,0.0,0.0,100.0
562,Raça Luta BJJ,1,1,1,0,1,0,1,0,0,0,2,0,50.0,0.0,0.0,0.0,100.0
563,Ribeiro Jiu-Jitsu,1,1,1,0,1,1,0,0,0,0,2,0,50.0,0.0,0.0,100.0,0.0
564,Rock the Mat,1,1,1,0,1,0,0,0,1,0,2,1,50.0,0.0,0.0,0.0,0.0
565,Roger Gracie London,1,1,1,0,1,0,0,0,0,0,2,0,50.0,0.0,0.0,0.0,0.0
566,Rolling JJ Roma,1,2,1,0,1,0,0,0,1,0,3,1,33.333333333333336,0.0,0.0,0.0,0.0
567,Stoic Brazilian Jiu-Jitsu,1,1,1,1,0,0,0,0,1,0,2,1,50.0,0.0,100.0,0.0,0.0
568,Strategic Academy,1,1,1,0,1,0,0,0,0,0,2,0,50.0,0.0,0.0,0.0,0.0
569,TC BJJ,1,1,1,0,1,0,1,0,0,0,2,0,50.0,0.0,0.0,0.0,100.0
570,TRUJITSU 208 Academy,1,1,1,0,1,0,0,0,0,0,2,0,50.0,0.0,0.0,0.0,0.0
571,The Academy Byron Bay,1,1,1,1,0,0,0,0,0,0,2,0,50.0,0.0,100.0,0.0,0.0
572,Trinacria BJJ,1,1,1,0,1,0,0,0,0,0,2,0,50.0,0.0,0.0,0.0,0.0
573,Ultimate Gym - Team Frontera,1,1,1,0,1,0,0,0,0,0,2,0,50.0,0.0,0.0,0.0,0.0
574,Unlimited Jiu-Jitsu,1,1,1,0,1,0,0,0,0,0,2,0,50.0,0.0,0.0,0.0,0.0
575,White House Jiu-Jitsu School,1,1,1,0,1,0,1,0,0,0,2,0,50.0,0.0,0.0,0.0,100.0
576,Yamasaki Canarias,1,1,1,0,1,0,0,0,0,0,2,0,50.0,0.0,0.0,0.0,0.0
577,AEG,0,1,1,1,0,0,0,0,1,0,1,1,0.0,0.0,100.0,0.0,0.0
578,Academia Cemilton Reis ,0,1,1,0,1,0,1,0,0,1,1,1,0.0,0.0,0.0,0.0,100.0
579,Active Jiu-Jitsu,0,1,1,1,0,0,0,0,0,1,1,1,0.0,0.0,100.0,0.0,0.0
580,Alexandre Odebrecht BJJ Team Dubai,0,1,1,0,1,0,0,0,0,0,1,0,0.0,0.0,0.0,0.0,0.0
581,American Top Team Coconut Creek,0,1,1,0,1,0,0,0,0,0,1,0,0.0,0.0,0.0,0.0,0.0
582,Anfibio Jiu-Jitsu Club,0,1,1,0,1,0,1,0,0,0,1,0,0.0,0.0,0.0,0.0,100.0
583,Aprove Jiu-Jitsu Team,0,1,1,0,1,0,1,0,0,0,1,0,0.0,0.0,0.0,0.0,100.0
584,B9 Korea,0,1,1,0,1,0,0,0,0,0,1,0,0.0,0.0,0.0,0.0,0.0
585,BARBOSA JIU-JITSU USA,0,1,1,0,1,0,0,0,0,0,1,0,0.0,0.0,0.0,0.0,0.0
586,BCJJ Betinho Correia France,0,1,1,0,1,0,1,0,0,0,1,0,0.0,0.0,0.0,0.0,100.0
587,Barbosa Jiu-Jitsu Team Pressello,0,1,1,0,1,0,1,0,0,0,1,0,0.0,0.0,0.0,0.0,100.0
588,Batatinha Team Italia,0,1,1,0,1,0,0,0,0,0,1,0,0.0,0.0,0.0,0.0,0.0
589,Bauer JJ,0,1,1,0,1,0,0,0,0,0,1,0,0.0,0.0,0.0,0.0,0.0
590,Bd-kraken BJJ,0,1,1,0,1,0,0,0,0,0,1,0,0.0,0.0,0.0,0.0,0.0
591,Black Anaconda Team,0,1,1,0,1,0,0,0,0,0,1,0,0.0,0.0,0.0,0.0,0.0
592,Boi Branco Team,0,1,1,0,1,0,0,0,0,0,1,0,0.0,0.0,0.0,0.0,0.0
593,Boxmoor BJJ,0,1,1,1,0,0,0,0,0,0,1,0,0.0,0.0,100.0,0.0,0.0
594,Brampton BJJ,0,1,1,0,1,0,0,0,0,0,1,0,0.0,0.0,0.0,0.0,0.0
595,Brazier Jiu-Jitsu Academy,0,1,1,0,1,0,0,0,0,0,1,0,0.0,0.0,0.0,0.0,0.0
596,Brazilian Power Team,0,1,1,0,1,0,0,0,0,0,1,0,0.0,0.0,0.0,0.0,0.0
597,Budo Clan,0,1,1,0,1,0,1,0,0,0,1,0,0.0,0.0,0.0,0.0,100.0
598,Budo Clan Sardegna,0,1,1,0,1,0,0,0,0,0,1,0,0.0,0.0,0.0,0.0,0.0
599,Budo Clan Siena,0,1,1,1,0,0,0,0,0,0,1,0,0.0,0.0,100.0,0.0,0.0
600,C-Fighter Academy,0,1,1,0,1,0,1,0,0,0,1,0,0.0,0.0,0.0,0.0,100.0
601,CDK Team B,0,1,1,0,1,0,0,0,0,0,1,0,0.0,0.0,0.0,0.0,0.0
602,CT Roraima Legião Jiu-Jitsu,0,1,1,0,1,0,1,0,0,0,1,0,0.0,0.0,0.0,0.0,100.0
603,Caique Jiu-Jitsu,0,1,1,1,0,0,0,0,1,0,1,1,0.0,0.0,100.0,0.0,0.0
604,Caique Jiu-Jitsu Germany,0,1,1,0,1,0,1,0,0,0,1,0,0.0,0.0,0.0,0.0,100.0
605,Caveirinha Jiu-Jitsu Family ,0,1,1,0,1,1,0,0,0,0,1,0,0.0,0.0,0.0,100.0,0.0
606,Centro Educacional de Jiu-Jitsu de Araxá,0,1,1,0,1,0,1,0,0,0,1,0,0.0,0.0,0.0,0.0,100.0
607,Cercle Tissier BJJ,0,1,1,0,1,0,0,0,0,0,1,0,0.0,0.0,0.0,0.0,0.0
608,CheckMat Fight Zone London,0,1,1,0,1,0,0,0,0,0,1,0,0.0,0.0,0.0,0.0,0.0
609,Checkmat Chico Mendes BJJ,0,1,1,1,0,0,0,0,0,0,1,0,0.0,0.0,100.0,0.0,0.0
610,Cheltenham Jiu-Jitsu,0,1,1,0,1,0,0,0,0,0,1,0,0.0,0.0,0.0,0.0,0.0
611,Cia Paulista - International,0,1,1,0,1,0,0,0,0,0,1,0,0.0,0.0,0.0,0.0,0.0
612,Cleito Soares Jiu Jitsu,0,1,1,0,1,0,1,0,0,0,1,0,0.0,0.0,0.0,0.0,100.0
613,Clube Orley Lobato,0,1,1,0,1,0,0,0,0,0,1,0,0.0,0.0,0.0,0.0,0.0
614,Clube de Jiu-Jitsu Pitbull Czech Republic,0,1,1,0,1,0,0,0,0,0,1,0,0.0,0.0,0.0,0.0,0.0
615,Combat Base UK,0,1,1,1,0,0,0,0,0,0,1,0,0.0,0.0,100.0,0.0,0.0
616,Corpo E Mente International,0,1,1,0,1,0,0,0,0,0,1,0,0.0,0.0,0.0,0.0,0.0
617,Corpo e Mente,0,1,1,0,1,0,0,0,0,0,1,0,0.0,0.0,0.0,0.0,0.0
618,Demian Maia Jiu-Jitsu,0,1,1,0,1,0,0,0,0,0,1,0,0.0,0.0,0.0,0.0,0.0
619,Dojo Valencia,0,1,1,0,1,0,0,0,0,0,1,0,0.0,0.0,0.0,0.0,0.0
620,Dominion BJJ,0,1,1,1,0,0,1,0,0,1,1,1,0.0,0.0,100.0,0.0,100.0
621,EDJ International ,0,1,1,0,1,0,0,0,0,0,1,0,0.0,0.0,0.0,0.0,0.0
622,EH Jiu-Jitsu International Team,0,1,1,0,1,0,0,0,0,0,1,0,0.0,0.0,0.0,0.0,0.0
623,Emirates Jiu-Jitsu Center,0,1,1,0,1,0,0,0,0,0,1,0,0.0,0.0,0.0,0.0,0.0
624,España - Fusión BJJ,0,1,1,0,1,0,1,0,0,0,1,0,0.0,0.0,0.0,0.0,100.0
625,Ezequiel Mas BJJ,0,1,1,0,1,0,0,0,0,0,1,0,0.0,0.0,0.0,0.0,0.0
626,Fabricio Rodrigues BJJ,0,1,1,0,1,0,0,0,0,0,1,0,0.0,0.0,0.0,0.0,0.0
627,G13 BJJ,0,1,1,0,1,0,1,0,0,0,1,0,0.0,0.0,0.0,0.0,100.0
628,Garage Jiu-Jitsu,0,1,1,0,1,0,0,0,0,0,1,0,0.0,0.0,0.0,0.0,0.0
629,Gladium BJJ,0,1,1,0,1,0,0,0,0,0,1,0,0.0,0.0,0.0,0.0,0.0
630,Gracie Barra Team,0,1,1,0,1,0,0,0,0,0,1,0,0.0,0.0,0.0,0.0,0.0
631,Gracie Humaita Austin,0,1,1,0,1,0,0,0,0,0,1,0,0.0,0.0,0.0,0.0,0.0
632,Gracie Humaita Hemet,0,1,1,1,0,0,0,0,0,0,1,0,0.0,0.0,100.0,0.0,0.0
633,Gym Le Local,0,1,1,0,1,0,1,0,0,0,1,0,0.0,0.0,0.0,0.0,100.0
634,Gymnasiumteam,0,1,1,0,1,0,0,0,0,0,1,0,0.0,0.0,0.0,0.0,0.0
635,Hagakuré 83,0,1,1,0,1,1,0,0,0,0,1,0,0.0,0.0,0.0,100.0,0.0
636,Iturralde Arte Suave,0,1,1,0,1,1,0,0,0,0,1,0,0.0,0.0,0.0,100.0,0.0
637,Jiu-Jitsu AZcademy,0,1,1,0,1,0,1,0,0,0,1,0,0.0,0.0,0.0,0.0,100.0
638,Juliana Aleixo BJJ e Luta Livre,0,1,1,0,1,0,1,0,0,0,1,0,0.0,0.0,0.0,0.0,100.0
639,Kakutogi Academy,0,1,1,0,1,0,0,0,0,1,1,1,0.0,0.0,0.0,0.0,0.0
640,Kingdom Jiu-Jitsu,0,1,1,0,1,0,0,0,0,0,1,0,0.0,0.0,0.0,0.0,0.0
641,Kioto BJJ,0,1,1,0,1,0,1,0,0,0,1,0,0.0,0.0,0.0,0.0,100.0
642,Kioto Brazilian Jiu-Jitsu,0,1,1,0,1,0,1,0,0,0,1,0,0.0,0.0,0.0,0.0,100.0
643,Kris Kim Brazilian Jiu-Jitsu,0,1,1,1,0,0,0,0,0,0,1,0,0.0,0.0,100.0,0.0,0.0
644,Kron Gracie Holland,0,1,1,0,1,0,1,0,1,0,1,1,0.0,0.0,0.0,0.0,100.0
645,Liga Oeste,0,1,1,0,1,0,1,0,0,0,1,0,0.0,0.0,0.0,0.0,100.0
646,Logic,0,1,1,1,0,0,1,0,0,0,1,0,0.0,0.0,100.0,0.0,100.0
647,Lubomir Guedjev BJJ Academy,0,1,1,0,1,0,0,0,0,0,1,0,0.0,0.0,0.0,0.0,0.0
648,Luiz Palhares Jiu-Jitsu Europe,0,1,1,0,1,0,0,0,0,0,1,0,0.0,0.0,0.0,0.0,0.0
649,M4 BJJ,0,1,1,0,1,0,0,0,0,0,1,0,0.0,0.0,0.0,0.0,0.0
650,Machine BJJ,0,1,1,0,1,0,1,0,0,0,1,0,0.0,0.0,0.0,0.0,100.0
651,Mario Sukata JJ,0,1,1,0,1,0,1,0,0,0,1,0,0.0,0.0,0.0,0.0,100.0
652,Mat Fischer Academy BJJ,0,1,1,0,1,0,1,0,0,0,1,0,0.0,0.0,0.0,0.0,100.0
653,Matt Secor Brazilian Jiu-Jitsu,0,1,1,0,1,0,0,0,0,0,1,0,0.0,0.0,0.0,0.0,0.0
654,MidSouth Elite BJJ,0,1,1,1,0,0,0,0,0,0,1,0,0.0,0.0,100.0,0.0,0.0
655,Milestone Martial Arts,0,1,1,0,1,0,0,0,0,0,1,0,0.0,0.0,0.0,0.0,0.0
656,New Millennium Team,0,1,1,0,1,0,0,0,0,0,1,0,0.0,0.0,0.0,0.0,0.0
657,Next Generation MMA Fredrikstad,0,1,1,0,1,1,0,0,0,0,1,0,0.0,0.0,0.0,100.0,0.0
658,Next Generation UK ,0,1,1,0,1,1,0,0,0,0,1,0,0.0,0.0,0.0,100.0,0.0
659,Nóbrega Team,0,1,1,0,1,1,0,0,0,0,1,0,0.0,0.0,0.0,100.0,0.0
660,Octagon MMA,0,1,1,0,1,0,1,0,0,0,1,0,0.0,0.0,0.0,0.0,100.0
661,Officine Jiu-Jitsu,0,1,1,0,1,0,0,0,0,0,1,0,0.0,0.0,0.0,0.0,0.0
662,One Jiu-Jitsu USA,0,1,1,1,0,0,0,0,0,0,1,0,0.0,0.0,100.0,0.0,0.0
663,Oshawa BJJ,0,1,1,0,1,0,0,0,0,0,1,0,0.0,0.0,0.0,0.0,0.0
664,PJJ Fight Team,0,1,1,0,1,0,0,0,0,1,1,1,0.0,0.0,0.0,0.0,0.0
665,PT Brave FIGHT TEAM,0,1,1,0,1,0,1,0,0,0,1,0,0.0,0.0,0.0,0.0,100.0
666,Paulo Ledesma BJJ,0,1,1,0,1,0,0,0,0,0,1,0,0.0,0.0,0.0,0.0,0.0
667,Payet Team Jiu-Jitsu,0,1,1,0,1,1,0,0,0,0,1,0,0.0,0.0,0.0,100.0,0.0
668,Power Academy Tunisia,0,1,1,0,1,0,0,0,0,0,1,0,0.0,0.0,0.0,0.0,0.0
669,Qazaqstan Top Team,0,1,1,0,1,0,0,0,0,0,1,0,0.0,0.0,0.0,0.0,0.0
670,ROAD BJJ,0,1,1,0,1,0,1,0,0,0,1,0,0.0,0.0,0.0,0.0,100.0
671,Ramona BJJ,0,1,1,0,1,0,0,0,0,0,1,0,0.0,0.0,0.0,0.0,0.0
672,Reaction MMA / SAS,0,1,1,0,1,0,0,0,0,0,1,0,0.0,0.0,0.0,0.0,0.0
673,Regensburg Fight Fusion,0,2,1,1,0,0,0,0,0,1,2,1,0.0,0.0,100.0,0.0,0.0
674,Renato Tavares Association,0,1,1,0,1,0,0,0,0,0,1,0,0.0,0.0,0.0,0.0,0.0
675,Riis-Rosenberg Jiu-Jitsu,0,1,1,0,1,0,0,0,0,0,1,0,0.0,0.0,0.0,0.0,0.0
676,Rilion Gracie Jiu-Jitsu Academy,0,1,1,0,1,0,0,0,0,0,1,0,0.0,0.0,0.0,0.0,0.0
677,Rocian Gracie Junior de Jiu-Jitsu,0,1,1,0,1,0,0,0,0,0,1,0,0.0,0.0,0.0,0.0,0.0
678,Roll Jiu-Jitsu Academy,0,1,1,0,1,0,0,0,0,0,1,0,0.0,0.0,0.0,0.0,0.0
679,Ruffhouse,0,1,1,0,1,0,1,0,0,0,1,0,0.0,0.0,0.0,0.0,100.0
680,SAS Team USA,0,1,1,1,0,0,1,0,0,1,1,1,0.0,0.0,100.0,0.0,100.0
681,SB Jiu-jitsu,0,1,1,0,1,0,0,0,0,0,1,0,0.0,0.0,0.0,0.0,0.0
682,SU,0,1,1,0,1,1,0,0,0,0,1,0,0.0,0.0,0.0,100.0,0.0
683,Samy Al Jamal - FIT Jiu-Jitsu,0,1,1,1,0,0,1,0,0,1,1,1,0.0,0.0,100.0,0.0,100.0
684,Scramble Academy Leeds,0,1,1,1,0,0,0,0,0,0,1,0,0.0,0.0,100.0,0.0,0.0
685,Strong Inside Jiu-Jitsu Studio,0,1,1,1,0,0,0,0,0,0,1,0,0.0,0.0,100.0,0.0,0.0
686,Surfight Jiu-Jitsu,0,1,1,0,1,0,1,0,0,0,1,0,0.0,0.0,0.0,0.0,100.0
687,Team Oliveira,0,1,1,0,1,0,1,0,0,0,1,0,0.0,0.0,0.0,0.0,100.0
688,The Hive Martial Arts Academy,0,1,1,1,0,0,0,0,0,1,1,1,0.0,0.0,100.0,0.0,0.0
689,The United Fighting Arts Institute,0,1,1,0,1,0,0,0,0,0,1,0,0.0,0.0,0.0,0.0,0.0
690,Thork Jiu-Jitsu,0,1,1,1,0,0,0,0,0,0,1,0,0.0,0.0,100.0,0.0,0.0
691,Tone Up C &amp; F,0,1,1,1,0,0,0,0,0,0,1,0,0.0,0.0,100.0,0.0,0.0
692,Tribe Jiu-Jitsu - Roma Nord,0,1,1,0,1,0,0,0,0,0,1,0,0.0,0.0,0.0,0.0,0.0
693,Tribe Jiu-Jitsu Pordenone,0,1,1,0,1,0,0,0,0,1,1,1,0.0,0.0,0.0,0.0,0.0
694,Triunfo Brazilian Jiu Jitsu ,0,1,1,0,1,0,1,0,0,0,1,0,0.0,0.0,0.0,0.0,100.0
695,UACTP,0,1,1,0,1,0,1,0,0,0,1,0,0.0,0.0,0.0,0.0,100.0
696,Unique Logic Jiu-Jitsu HQ,0,1,1,0,1,0,0,0,0,0,1,0,0.0,0.0,0.0,0.0,0.0
697,Ushirobira JJ Greece,0,1,1,0,1,0,0,0,0,0,1,0,0.0,0.0,0.0,0.0,0.0
698,VLB Fight Team,0,1,1,0,1,1,0,0,0,0,1,0,0.0,0.0,0.0,100.0,0.0
699,Vita BJJ,0,1,1,1,0,0,1,0,0,0,1,0,0.0,0.0,100.0,0.0,100.0
700,Wave BJJ,0,1,1,0,1,0,0,0,0,0,1,0,0.0,0.0,0.0,0.0,0.0
701,Wiking BJJ,0,1,1,0,1,0,0,0,0,0,1,0,0.0,0.0,0.0,0.0,0.0
702,Youngzilion Jiu-Jitsu,0,1,1,1,0,0,0,0,0,0,1,0,0.0,0.0,100.0,0.0,0.0
703,ZR Team Guadeloupe,0,1,1,0,1,0,0,0,0,0,1,0,0.0,0.0,0.0,0.0,0.0
704,Zarate Team,0,1,1,0,1,0,0,0,0,0,1,0,0.0,0.0,0.0,0.0,0.0
705,Zerjal Team,0,1,1,0,1,0,0,0,0,0,1,0,0.0,0.0,0.0,0.0,0.0
